f #fff 1 m -33.95 -33.95 q -48 -19.9 -48 -0.05 q -48 19.8 -33.95 33.9 q -19.8 48 0 48 q 19.9 48 34 33.9 q 48.05 19.8 48.05 0 q 48.05 -19.9 34 -33.95 q 19.9 -48 0 -48 q -19.8 -48 -33.95 -33.95 c
f #3f6 0 m -142.45 -240.85 l -142.45 240.85 l 142.45 240.85 l 142.45 -240.85 l -142.45 -240.85 c
f #ff0c0f 1 m -85.25 -62.1 q -85.25 -63.45 -86.2 -64.4 q -87.2 -65.35 -88.55 -65.35 l -132.95 -65.35 q -134.3 -65.35 -135.25 -64.4 q -136.2 -63.45 -136.2 -62.1 l -136.2 49.35 q -136.2 50.7 -135.25 51.65 q -134.3 52.6 -132.95 52.6 l -88.55 52.6 q -87.2 52.6 -86.2 51.65 q -85.25 50.7 -85.25 49.35 l -85.25 -62.1 c f 0 0 s 4 #f0f0f0 1 m -136.2 49.35 l -136.2 -62.1 q -136.2 -63.45 -135.25 -64.4 q -134.3 -65.35 -132.95 -65.35 l -88.55 -65.35 q -87.2 -65.35 -86.2 -64.4 q -85.25 -63.45 -85.25 -62.1 l -85.25 49.35 q -85.25 50.7 -86.2 51.65 q -87.2 52.6 -88.55 52.6 l -132.95 52.6 q -134.3 52.6 -135.25 51.65 q -136.2 50.7 -136.2 49.35
f #000 0.2 m -85.25 -56.1 q -85.25 -57.45 -86.2 -58.4 q -87.2 -59.35 -88.55 -59.35 l -132.95 -59.35 q -134.3 -59.35 -135.25 -58.4 q -136.2 -57.45 -136.2 -56.1 l -136.2 55.35 q -136.2 56.7 -135.25 57.65 q -134.3 58.6 -132.95 58.6 l -88.55 58.6 q -87.2 58.6 -86.2 57.65 q -85.25 56.7 -85.25 55.35 l -85.25 -56.1 c
f #ef5c24 1 m -20.15 -62.1 q -20.15 -63.45 -21.1 -64.4 q -22.05 -65.35 -23.4 -65.35 l -67.8 -65.35 q -69.15 -65.35 -70.1 -64.4 q -71.05 -63.45 -71.05 -62.1 l -71.05 49.35 q -71.05 50.7 -70.1 51.65 q -69.15 52.6 -67.8 52.6 l -23.4 52.6 q -22.05 52.6 -21.1 51.65 q -20.15 50.7 -20.15 49.35 l -20.15 -62.1 c f 0 0 s 4 #f0f0f0 1 m -71.05 49.35 l -71.05 -62.1 q -71.05 -63.45 -70.1 -64.4 q -69.15 -65.35 -67.8 -65.35 l -23.4 -65.35 q -22.05 -65.35 -21.1 -64.4 q -20.15 -63.45 -20.15 -62.1 l -20.15 49.35 q -20.15 50.7 -21.1 51.65 q -22.05 52.6 -23.4 52.6 l -67.8 52.6 q -69.15 52.6 -70.1 51.65 q -71.05 50.7 -71.05 49.35
f #dacd0f 1 m 45 -62.1 q 45 -63.45 44.05 -64.4 q 43.1 -65.35 41.75 -65.35 l -2.65 -65.35 q -4 -65.35 -4.95 -64.4 q -5.9 -63.45 -5.9 -62.1 l -5.9 49.35 q -5.9 50.7 -4.95 51.65 q -4 52.6 -2.65 52.6 l 41.75 52.6 q 43.1 52.6 44.05 51.65 q 45 50.7 45 49.35 l 45 -62.1 c f 0 0 s 4 #f0f0f0 1 m -5.9 49.35 l -5.9 -62.1 q -5.9 -63.45 -4.95 -64.4 q -4 -65.35 -2.65 -65.35 l 41.75 -65.35 q 43.1 -65.35 44.05 -64.4 q 45 -63.45 45 -62.1 l 45 49.35 q 45 50.7 44.05 51.65 q 43.1 52.6 41.75 52.6 l -2.65 52.6 q -4 52.6 -4.95 51.65 q -5.9 50.7 -5.9 49.35
f #5fc237 1 m 62.5 -65.35 q 61.15 -65.35 60.2 -64.4 q 59.2 -63.45 59.2 -62.1 l 59.2 49.35 q 59.2 50.7 60.2 51.65 q 61.15 52.6 62.5 52.6 l 106.9 52.6 q 108.25 52.6 109.2 51.65 q 110.15 50.7 110.15 49.35 l 110.15 -62.1 q 110.15 -63.45 109.2 -64.4 q 108.25 -65.35 106.9 -65.35 l 62.5 -65.35 c f 0 0 s 4 #f0f0f0 1 m 59.2 49.35 l 59.2 -62.1 q 59.2 -63.45 60.2 -64.4 q 61.15 -65.35 62.5 -65.35 l 106.9 -65.35 q 108.25 -65.35 109.2 -64.4 q 110.15 -63.45 110.15 -62.1 l 110.15 49.35 q 110.15 50.7 109.2 51.65 q 108.25 52.6 106.9 52.6 l 62.5 52.6 q 61.15 52.6 60.2 51.65 q 59.2 50.7 59.2 49.35
f #b1cad5 1 m 7.4 -19.5 l -7.45 -19.5 l -13.3 110.85 l 13.25 110.85 l 7.4 -19.5 c
f #b1cad5 1 m 20 -2.35 l 20 -36.7 l -20.05 -36.7 l -20.05 -2.35 l 20 -2.35 c
f #000 0.298039 m 23.75 107.3 q 13.9 105.9 0 105.9 q -13.95 105.9 -23.8 107.3 q -33.65 108.7 -33.65 110.7 q -33.65 112.7 -23.8 114.1 q -14 115.45 -0.05 115.5 q 13.9 115.5 23.75 114.1 q 33.6 112.7 33.6 110.7 q 33.6 108.7 23.75 107.3 c
f #a1e7f2 1 m 768 384 l 768 -384 l -768 -384 l -768 384 l 768 384 c