f #fff 1 m 5.85 -131.4 q 3.5 -134 0 -134 q -3.55 -134 -5.9 -131.4 l -18.5 -117.2 q -20.25 -115.25 -22.85 -114.75 q -25.45 -114.2 -27.8 -115.35 l -44.9 -123.65 q -48.05 -125.2 -51.3 -123.85 q -54.55 -122.5 -55.7 -119.15 l -61.95 -101.2 q -62.8 -98.7 -65 -97.25 q -67.2 -95.8 -69.8 -95.95 l -88.8 -97.05 q -92.3 -97.25 -94.8 -94.8 q -97.25 -92.3 -97.05 -88.8 l -95.95 -69.8 q -95.8 -67.2 -97.25 -65 q -98.7 -62.8 -101.2 -61.95 l -119.15 -55.7 q -122.5 -54.55 -123.85 -51.3 q -125.2 -48.05 -123.65 -44.9 l -115.35 -27.8 q -114.2 -25.45 -114.75 -22.85 q -115.25 -20.25 -117.2 -18.5 l -131.4 -5.9 q -134 -3.55 -134 0 q -134 3.5 -131.4 5.85 l -117.2 18.45 q -115.25 20.2 -114.75 22.8 q -114.2 25.4 -115.35 27.75 l -123.65 44.85 q -125.2 48 -123.85 51.25 q -122.5 54.5 -119.15 55.65 l -101.2 61.9 q -98.7 62.75 -97.25 64.95 q -95.8 67.15 -95.95 69.75 l -97.05 88.75 q -97.25 92.25 -94.8 94.75 q -92.3 97.25 -88.8 97 l -69.8 95.9 q -67.2 95.75 -65 97.2 q -62.8 98.65 -61.95 101.15 l -55.7 119.1 q -54.55 122.45 -51.3 123.8 q -48.05 125.15 -44.9 123.6 l -27.8 115.3 q -25.45 114.2 -22.85 114.7 q -20.25 115.2 -18.5 117.15 l -5.9 131.35 q -3.55 134 0 134 q 3.5 134 5.85 131.35 l 18.45 117.15 q 20.2 115.2 22.8 114.7 q 25.4 114.2 27.75 115.3 l 44.85 123.6 q 48 125.15 51.25 123.8 q 54.5 122.45 55.65 119.1 l 61.9 101.15 q 62.75 98.65 64.95 97.2 q 67.15 95.75 69.75 95.9 l 88.75 97 q 92.25 97.25 94.75 94.75 q 97.25 92.25 97 88.75 l 95.9 69.75 q 95.75 67.15 97.2 64.95 q 98.65 62.75 101.15 61.9 l 119.1 55.65 q 122.45 54.5 123.8 51.25 q 125.15 48 123.6 44.85 l 115.3 27.75 q 114.2 25.4 114.7 22.8 q 115.2 20.2 117.15 18.45 l 131.35 5.85 q 134 3.5 134 0 q 134 -3.55 131.35 -5.9 l 117.15 -18.5 q 115.2 -20.25 114.7 -22.85 q 114.2 -25.45 115.3 -27.8 l 123.6 -44.9 q 125.15 -48.05 123.8 -51.3 q 122.45 -54.55 119.1 -55.7 l 101.15 -61.95 q 98.65 -62.8 97.2 -65 q 95.75 -67.2 95.9 -69.8 l 97 -88.8 q 97.25 -92.3 94.75 -94.8 q 92.25 -97.25 88.75 -97.05 l 69.75 -95.95 q 67.15 -95.8 64.95 -97.25 q 62.75 -98.7 61.9 -101.2 l 55.65 -119.15 q 54.5 -122.5 51.25 -123.85 q 48 -125.2 44.85 -123.65 l 27.75 -115.35 q 25.4 -114.2 22.8 -114.75 q 20.2 -115.25 18.45 -117.2 l 5.85 -131.4 c
f #3f6 0 m -142.45 -240.85 l -142.45 240.85 l 142.45 240.85 l 142.45 -240.85 l -142.45 -240.85 c
f #c5c5c5 1 m 198.9 173.55 l 195.3 173.55 l 195.3 254.2 l 198.9 254.2 l 198.9 173.55 c
f #fff 1 m 85.2 258.85 l 85.2 280.7 l 313.1 280.7 l 313.1 258.85 l 85.2 258.85 c
f #c5c5c5 1 m 99.85 252.8 l 101.2 279.05 l 297.1 279.05 l 298.45 252.8 l 99.85 252.8 c
f #fff 1 m 383.35 47.95 q 377.55 35.6 366.9 26 q 356.25 16.45 342.5 11.2 q 328.2 5.8 312.6 5.8 q 299.9 5.8 288.05 9.4 q 276.5 12.9 266.75 19.45 q 252.7 10.2 235.05 5.2 q 216.8 0 197 0 q 178.6 0 161.45 4.5 q 144.9 8.85 131.25 16.95 q 122.1 11.55 111.6 8.75 q 100.8 5.8 89.4 5.8 q 73.8 5.8 59.5 11.2 q 45.75 16.45 35.1 26 q 24.45 35.6 18.65 47.95 q 12.6 60.8 12.6 74.85 q 12.6 88.9 18.65 101.7 q 24.45 114.1 35.1 123.65 q 57.6 143.85 89.4 143.85 q 100.8 143.85 111.6 140.9 q 122.1 138.1 131.25 132.7 q 144.9 140.8 161.45 145.2 q 178.6 149.7 197 149.7 q 216.75 149.7 235.05 144.5 q 252.65 139.5 266.75 130.25 q 276.55 136.8 288.05 140.25 q 299.9 143.85 312.6 143.85 q 344.4 143.85 366.9 123.65 q 377.55 114.1 383.35 101.7 q 389.4 88.9 389.4 74.85 q 389.4 60.8 383.35 47.95 c
f #c5c5c5 1 m 197 158.1 q 216 158.1 235.05 151.7 q 251.75 146.1 266.75 136.25 q 286.8 149.6 303.75 151.75 l 307.6 78.45 l 90.7 78.45 l 94.55 152.05 q 103.85 151.25 113.95 147.3 q 122 144.15 131.25 138.7 q 145.95 147.45 161.45 152.4 q 179.45 158.1 197 158.1 c
f #c5c5c5 1 m 265.9 172.15 l 261.95 172.15 l 256.7 254 l 260.65 254 l 265.9 172.15 c
f #c5c5c5 1 m 133.45 172.15 l 129.55 172.15 l 134.8 254 l 138.7 254 l 133.45 172.15 c
f #fff 1 m 297.1 279.05 l 307.6 78.45 l 90.7 78.45 l 101.2 279.05 l 297.1 279.05 c
f #dcba0f 1 m 107.55 141.5 l 107.55 187.75 q 107.55 197.45 114.4 204.3 q 121.3 211.15 131 211.15 q 140.7 211.15 147.55 204.3 q 154.4 197.45 154.4 187.75 l 154.4 124.15 q 129.7 129.75 107.55 141.5 c
f #dcba0f 1 m 201 119 q 188.8 119 177.55 120.25 l 177.55 197.75 q 177.55 207.45 184.4 214.3 q 191.25 221.15 200.95 221.15 l 201 221.15 q 210.7 221.15 217.55 214.3 q 224.4 207.45 224.4 197.75 l 224.4 120.25 q 213.15 119 201 119 c
f #dcba0f 1 m 247.55 124.1 l 247.55 187.75 q 247.55 197.45 254.4 204.3 q 261.3 211.15 271 211.15 q 280.7 211.15 287.6 204.3 q 294.45 197.45 294.45 187.75 l 294.45 141.45 q 272.5 129.85 247.55 124.1 c
f #fceb22 1 m 401.9 341 q 402.3 339.05 401.2 336.15 q 399 330.3 391.5 325.4 q 367.55 309.8 299.75 309.8 l 102.3 309.8 q 33.4 309.8 9.9 325.4 q 2.55 330.3 0.6 336.15 q -0.35 339.05 0.15 341 q 12.65 345.5 44 350 q 106.7 359 201 359 q 295.3 359 358.05 350 q 389.4 345.5 401.9 341 c
f #dcba0f 1 m 388.05 323.35 q 380.8 319.25 375.85 316.75 q 366.8 312.15 357.75 308.95 q 331.7 299.8 299.75 299.8 l 102.3 299.8 q 70.4 299.8 44.4 308.8 q 35.3 311.95 26.25 316.5 q 21.25 319 13.85 323.05 l 13.85 323.35 l 388.05 323.35 c
f #fceb22 1 m 384.4 292.25 q 384.4 255 370.25 222.5 q 356.6 191.15 331.35 167.7 q 306.3 144.4 273.15 131.85 q 239.2 119 201 119 q 162.8 119 128.9 131.85 q 95.75 144.4 70.75 167.7 q 45.5 191.15 31.85 222.5 q 17.7 255 17.7 292.25 l 17.7 323.35 l 384.4 323.35 l 384.4 292.25 c
f #c5c5c5 1 m 48.35 395.2 q 44.35 394.95 41.85 395.4 q 39.35 395.9 39 397.05 q 38.55 398.35 41.3 399.35 q 43.9 400.3 48.15 400.6 q 51.95 400.9 54.55 400.2 q 56.75 399.6 56.85 398.75 q 56.95 397.7 55.3 396.8 q 53.1 395.55 48.35 395.2 c
f #c5c5c5 1 m 360.15 395.4 q 357.65 394.95 353.65 395.2 q 348.9 395.55 346.7 396.8 q 345.05 397.7 345.15 398.75 q 345.25 399.6 347.5 400.2 q 350.05 400.9 353.85 400.6 q 358.1 400.3 360.7 399.35 q 363.45 398.35 363 397.05 q 362.65 395.9 360.15 395.4 c
f #0e0e0e 1 m 360.7 386 q 350.8 385.1 338.95 385 q 304.15 384.65 273.55 391.4 q 249.7 396.6 227.85 407.2 q 218.3 411.8 214.6 413.1 q 207.9 415.45 201 415.45 q 194.1 415.45 187.4 413.1 q 183.65 411.8 174.1 407.2 q 152.25 396.6 128.45 391.4 q 97.85 384.65 63.05 385 q 51.2 385.1 41.3 386 q 33.2 386.75 32.3 387.35 q 31.1 388.15 31.8 394.5 q 32.2 398.25 33.7 406.6 q 41.45 413.4 45.2 423.1 q 51.75 440.1 56.55 448.6 q 62.95 460 66.25 464.75 q 71.6 472.5 77.6 477.1 q 91.45 487.8 119.9 488.9 q 147 490 161.4 475.85 q 166.7 470.65 170.95 462.7 q 172.35 460.05 176.95 449.7 q 182.4 437.4 187.2 432.9 q 192.4 427.9 201 427.9 q 209.55 427.9 214.8 432.9 q 219.55 437.4 225 449.7 q 229.6 460.05 231 462.7 q 235.25 470.65 240.55 475.85 q 254.95 489.95 282.1 488.9 q 310.55 487.8 324.4 477.1 q 330.4 472.5 335.75 464.75 q 339.05 460 345.45 448.6 q 349.75 440.95 352.75 433.6 q 355.6 426.1 356.8 423.1 q 360.55 413.4 368.3 406.6 q 369.8 398.25 370.2 394.5 q 370.9 388.15 369.7 387.35 q 368.8 386.75 360.7 386 m 283 483.45 q 257.75 484.4 244.05 471 q 231.9 459.05 230.55 437.8 q 229.45 419.9 246.15 410.5 q 263.8 400.65 305.9 397.4 q 343.85 394.5 347.35 414.55 q 349.55 427.2 337.25 449.85 q 332.45 458.7 329.55 462.85 q 325.1 469.2 319.9 473.2 q 307.6 482.5 283 483.45 h m 119 483.45 q 94.4 482.5 82.1 473.2 q 76.85 469.2 72.45 462.85 q 69.55 458.7 64.75 449.85 q 52.45 427.2 54.65 414.55 q 58.15 394.5 96.1 397.4 q 138.15 400.65 155.8 410.5 q 172.5 419.9 171.4 437.8 q 170.05 459.05 157.9 471 q 144.25 484.4 119 483.45 h c
f #8757f3 1 m 179.05 152.4 l 164.1 187.15 l 223.2 153.1 l 214.35 132.5 l 179.05 152.4 c
f #8757f3 1 m 241.6 195.9 l 232.7 175.25 l 148.9 222.55 l 133.6 258.15 l 241.6 195.9 c
f #8757f3 1 m 259.75 238.1 l 250.8 217.3 l 151.25 273.45 l 198.3 273.45 l 259.75 238.1 c
f #8757f3 1 m 275 273.45 l 268.6 258.6 l 242.25 273.45 l 275 273.45 c
f #ff5c10 1 m 189.25 83.6 q 185.85 85.15 187.55 91.2 q 189.45 98.1 197.9 106 q 189.3 98.3 182.25 96.95 q 176.1 95.8 174.8 99.3 q 173.55 102.8 179 105.85 q 185.25 109.35 196.85 108.95 q 185.3 109.6 179.35 113.65 q 174.15 117.2 175.75 120.55 q 177.3 123.9 183.35 122.25 q 190.3 120.25 198.2 111.85 q 190.5 120.4 189.15 127.5 q 187.95 133.65 191.45 134.95 q 194.95 136.2 198 130.75 q 201.5 124.5 201.1 112.95 q 201.75 124.45 205.8 130.45 q 209.35 135.6 212.75 134.05 q 216.1 132.45 214.4 126.45 q 212.45 119.5 204.05 111.6 q 212.6 119.3 219.7 120.65 q 225.85 121.85 227.15 118.35 q 228.4 114.85 222.95 111.75 q 216.65 108.25 205.1 108.6 q 216.6 108 222.6 103.95 q 227.8 100.4 226.2 97.05 q 224.65 93.7 218.6 95.4 q 211.65 97.3 203.75 105.75 q 211.45 97.15 212.8 90.1 q 214 83.95 210.5 82.65 q 207 81.4 203.95 86.85 q 200.45 93.1 200.8 104.65 q 200.2 93.1 196.15 87.15 q 192.6 82 189.25 83.6 c
f #0e9ffb 1 m 274.95 273.5 l 200.95 101.45 l 127 273.5 l 274.95 273.5 c
f #c52470 1 m 179.05 152.4 l 164.1 187.15 l 223.2 153.1 l 214.35 132.5 l 179.05 152.4 c
f #c52470 1 m 241.6 195.9 l 232.7 175.25 l 148.9 222.55 l 133.6 258.15 l 241.6 195.9 c
f #c52470 1 m 259.75 238.1 l 250.8 217.3 l 151.25 273.45 l 198.3 273.45 l 259.75 238.1 c
f #c52470 1 m 275 273.45 l 268.6 258.6 l 242.25 273.45 l 275 273.45 c
f #2c61cb 1 m 189.25 83.6 q 185.85 85.15 187.55 91.2 q 189.45 98.1 197.9 106 q 189.3 98.3 182.25 96.95 q 176.1 95.8 174.8 99.3 q 173.55 102.8 179 105.85 q 185.25 109.35 196.85 108.95 q 185.3 109.6 179.35 113.65 q 174.15 117.2 175.75 120.55 q 177.3 123.9 183.35 122.25 q 190.3 120.25 198.2 111.85 q 190.5 120.4 189.15 127.5 q 187.95 133.65 191.45 134.95 q 194.95 136.2 198 130.75 q 201.5 124.5 201.1 112.95 q 201.75 124.45 205.8 130.45 q 209.35 135.6 212.75 134.05 q 216.1 132.45 214.4 126.45 q 212.45 119.5 204.05 111.6 q 212.6 119.3 219.7 120.65 q 225.85 121.85 227.15 118.35 q 228.4 114.85 222.95 111.75 q 216.65 108.25 205.1 108.6 q 216.6 108 222.6 103.95 q 227.8 100.4 226.2 97.05 q 224.65 93.7 218.6 95.4 q 211.65 97.3 203.75 105.75 q 211.45 97.15 212.8 90.1 q 214 83.95 210.5 82.65 q 207 81.4 203.95 86.85 q 200.45 93.1 200.8 104.65 q 200.2 93.1 196.15 87.15 q 192.6 82 189.25 83.6 c
f #fceb22 1 m 274.95 273.5 l 200.95 101.45 l 127 273.5 l 274.95 273.5 c
f #0edf95 1 m 179.05 152.4 l 164.1 187.15 l 223.2 153.1 l 214.35 132.5 l 179.05 152.4 c
f #0edf95 1 m 241.6 195.9 l 232.7 175.25 l 148.9 222.55 l 133.6 258.15 l 241.6 195.9 c
f #0edf95 1 m 259.75 238.1 l 250.8 217.3 l 151.25 273.45 l 198.3 273.45 l 259.75 238.1 c
f #0edf95 1 m 275 273.45 l 268.6 258.6 l 242.25 273.45 l 275 273.45 c
f #f0396e 1 m 189.25 83.6 q 185.85 85.15 187.55 91.2 q 189.45 98.1 197.9 106 q 189.3 98.3 182.25 96.95 q 176.1 95.8 174.8 99.3 q 173.55 102.8 179 105.85 q 185.25 109.35 196.85 108.95 q 185.3 109.6 179.35 113.65 q 174.15 117.2 175.75 120.55 q 177.3 123.9 183.35 122.25 q 190.3 120.25 198.2 111.85 q 190.5 120.4 189.15 127.5 q 187.95 133.65 191.45 134.95 q 194.95 136.2 198 130.75 q 201.5 124.5 201.1 112.95 q 201.75 124.45 205.8 130.45 q 209.35 135.6 212.75 134.05 q 216.1 132.45 214.4 126.45 q 212.45 119.5 204.05 111.6 q 212.6 119.3 219.7 120.65 q 225.85 121.85 227.15 118.35 q 228.4 114.85 222.95 111.75 q 216.65 108.25 205.1 108.6 q 216.6 108 222.6 103.95 q 227.8 100.4 226.2 97.05 q 224.65 93.7 218.6 95.4 q 211.65 97.3 203.75 105.75 q 211.45 97.15 212.8 90.1 q 214 83.95 210.5 82.65 q 207 81.4 203.95 86.85 q 200.45 93.1 200.8 104.65 q 200.2 93.1 196.15 87.15 q 192.6 82 189.25 83.6 c
f #2c61cb 1 m 274.95 273.5 l 200.95 101.45 l 127 273.5 l 274.95 273.5 c
f #5fc237 1 m 179.05 152.4 l 164.1 187.15 l 223.2 153.1 l 214.35 132.5 l 179.05 152.4 c
f #5fc237 1 m 241.6 195.9 l 232.7 175.25 l 148.9 222.55 l 133.6 258.15 l 241.6 195.9 c
f #5fc237 1 m 259.75 238.1 l 250.8 217.3 l 151.25 273.45 l 198.3 273.45 l 259.75 238.1 c
f #5fc237 1 m 275 273.45 l 268.6 258.6 l 242.25 273.45 l 275 273.45 c
f #0e9ffb 1 m 189.25 83.6 q 185.85 85.15 187.55 91.2 q 189.45 98.1 197.9 106 q 189.3 98.3 182.25 96.95 q 176.1 95.8 174.8 99.3 q 173.55 102.8 179 105.85 q 185.25 109.35 196.85 108.95 q 185.3 109.6 179.35 113.65 q 174.15 117.2 175.75 120.55 q 177.3 123.9 183.35 122.25 q 190.3 120.25 198.2 111.85 q 190.5 120.4 189.15 127.5 q 187.95 133.65 191.45 134.95 q 194.95 136.2 198 130.75 q 201.5 124.5 201.1 112.95 q 201.75 124.45 205.8 130.45 q 209.35 135.6 212.75 134.05 q 216.1 132.45 214.4 126.45 q 212.45 119.5 204.05 111.6 q 212.6 119.3 219.7 120.65 q 225.85 121.85 227.15 118.35 q 228.4 114.85 222.95 111.75 q 216.65 108.25 205.1 108.6 q 216.6 108 222.6 103.95 q 227.8 100.4 226.2 97.05 q 224.65 93.7 218.6 95.4 q 211.65 97.3 203.75 105.75 q 211.45 97.15 212.8 90.1 q 214 83.95 210.5 82.65 q 207 81.4 203.95 86.85 q 200.45 93.1 200.8 104.65 q 200.2 93.1 196.15 87.15 q 192.6 82 189.25 83.6 c
f #f646ef 1 m 274.95 273.5 l 200.95 101.45 l 127 273.5 l 274.95 273.5 c
f #c5c5c5 1 m 187.75 -199.1 q 181.45 -212.55 169.9 -223 q 158.4 -233.3 143.6 -238.9 q 128.3 -244.7 111.6 -244.7 q 97.95 -244.7 85.3 -240.85 q 74.8 -237.7 65.7 -232.2 q 52.2 -240.4 35.7 -245.05 q 16.65 -250.5 -4 -250.5 q -23.2 -250.5 -41.1 -245.8 q -56.7 -241.75 -69.8 -234.45 q -78.25 -239 -87.7 -241.5 q -87.75 -241.55 -87.8 -241.55 q -99.4 -244.75 -111.6 -244.7 q -128.35 -244.7 -143.65 -238.9 q -158.45 -233.3 -169.95 -223 q -181.5 -212.55 -187.8 -199.1 q -194.45 -185.05 -194.4 -169.65 q -194.45 -154.3 -187.8 -140.25 q -181.5 -126.8 -169.95 -116.4 q -146.1 -95 -112.6 -94.65 l -107.2 8.35 l -115.8 8.35 q -118.3 8.35 -120.05 10.1 q -121.8 11.85 -121.8 14.35 l -121.8 36.2 q -121.8 38.65 -120.05 40.4 q -118.3 42.15 -115.8 42.2 l 112.1 42.2 q 114.55 42.15 116.3 40.4 q 118.05 38.65 118.1 36.2 l 118.1 14.35 q 118.05 11.85 116.3 10.1 q 114.55 8.35 112.1 8.35 l 103.45 8.35 l 108.85 -94.7 q 110.2 -94.65 111.6 -94.65 q 145.7 -94.7 169.9 -116.4 q 181.45 -126.8 187.75 -140.25 q 194.4 -154.3 194.4 -169.65 q 194.4 -185.05 187.75 -199.1 c
f #fffa4d 0.498039 m 115.9 -19.5 l 115.9 -104.15 l 31.25 -104.15 l 31.25 -19.5 l 115.9 -19.5 c
f #10ff0f 0.498039 m 124.4 -72.45 l -151.55 -72.45 l -151.55 73.35 l 124.4 73.35 l 124.4 -72.45 c
f #6d5ea0 1 m -19.35 -52.45 q -18.85 -52.45 -18.6 -52.4 q -18.9 -52.55 -19.85 -52.8 q -19.75 -52.5 -19.35 -52.45 c
f #6d5ea0 1 m -22.9 -53.75 q -23.3 -53.6 -23.5 -53.6 q -22.55 -53.55 -22.2 -53.35 l -22.05 -53.6 q -22.65 -53.85 -22.9 -53.75 c
f #6d5ea0 1 m 6.25 -60.3 l 6.2 -59.95 l 6.5 -59.5 l 6.25 -60.3 c
f #6d5ea0 1 m 7.3 -60.7 q 7.5 -60.3 7.5 -60.05 l 7.85 -60.3 q 7.75 -60.6 7.25 -61.3 q 7.15 -61 7.3 -60.7 c
f #6d5ea0 1 m 4.85 -62.2 q 4.9 -62.25 5.05 -62.3 q 5.75 -61.25 5.95 -60.8 l 5.75 -61.9 q 5.95 -61.75 6.3 -61 q 6.55 -60.4 6.85 -60.4 q 6.35 -61.1 5.45 -62.85 q 4.55 -64.4 3.55 -64.6 q 4.5 -63.65 4.85 -63 q 4.9 -62.6 4.9 -62.45 q 4.9 -62.3 4.85 -62.2 c f #6d5ea0 1 m 2.05 -64.4 l 1.6 -64.6 q 1.25 -64.7 1.1 -64.6 q 0.5 -64.1 0.25 -64.4 q 0.35 -64.5 0.35 -64.65 q 0.3 -64.8 0.4 -64.95 q 0.15 -64.7 0.25 -64.3 l 0.2 -64.05 q 0.2 -63.9 -0.2 -63.75 l -0.45 -64.6 q -0.45 -64.05 -1.15 -63.9 q -2 -63.7 -2.2 -63.3 q -2.5 -63.45 -2.45 -63.6 q -2.65 -63.4 -2.75 -63.3 l -2.6 -64.2 q -2.75 -63.7 -3.2 -63.7 q -3.5 -63.7 -4 -63.9 q -3.85 -63.7 -3.8 -63.55 q -3.7 -63.3 -4.1 -63.1 q -4.3 -63.05 -4.4 -63.15 q -4.45 -63.2 -4.5 -63.35 q -4.4 -62.85 -4.95 -62.5 q -5.05 -62.6 -5 -62.85 q -4.9 -63.1 -4.95 -63.2 q -5.6 -62.9 -5.85 -62.95 q -6.1 -62.7 -5.95 -62.55 q -5.75 -62.4 -5.85 -62.2 q -6.4 -62.05 -6.55 -62.5 q -6.7 -63.15 -6.9 -63.25 q -6.4 -63.9 -5.3 -64.75 l -6.5 -63.95 q -6.5 -64.05 -7 -64.15 q -7.35 -64.2 -7.05 -64.55 q -8.4 -64.15 -11 -62.25 q -10.5 -62.25 -10.5 -62.15 q -10.85 -61.85 -11.05 -61.9 q -11.15 -61.95 -11.35 -62.15 q -11.6 -61.9 -11.55 -61.5 q -11.55 -61 -11.6 -60.85 q -12.05 -60.8 -12.75 -60.6 q -13.35 -60.45 -14.2 -60.4 l -13.8 -60.05 q -14.4 -60 -14.65 -59.65 q -14.9 -59.3 -15.45 -59.2 q -15.65 -59.2 -15.2 -59.65 q -15.5 -59.45 -16.05 -59.4 q -16.65 -59.35 -16.95 -59.1 l -16.85 -59.75 q -17.2 -59.55 -17.85 -59.2 q -18.4 -58.95 -18.55 -59.2 q -18.8 -58.8 -20.25 -57.9 q -22.05 -56.8 -22.2 -56.65 l -22.95 -56.75 q -22.85 -56.55 -24 -55.95 q -22.35 -55.2 -21.5 -55.1 l -21.7 -55.05 q -20.95 -54.85 -19.3 -54.5 q -19 -54.3 -19.4 -54.15 l -19.7 -54.1 q -17.2 -53.1 -16.35 -52.35 q -15.4 -52.65 -13 -51.6 q -8.65 -48.95 -0.75 -46.5 q -0.45 -46.35 0.35 -46.35 q 1.4 -46.4 1.65 -46.35 q 0.85 -46.9 -0.2 -47.1 q -0.75 -47.55 -1.05 -48.8 l -1 -48.2 q -1.5 -48.2 -1.7 -48.45 q -1.9 -48.65 -2.35 -48.6 l -2 -49.3 q -2.5 -49 -3 -49.95 l -3.45 -49.55 q -4.1 -50.45 -4.05 -50.9 l -4.25 -50.4 q -4.25 -50.5 -5.15 -51.1 q -5.9 -51.6 -5.3 -51.85 q -5.85 -51.7 -6.05 -51.85 l -5.9 -52.35 q -7 -52.55 -7 -52.95 q -6.65 -52.95 -6.35 -53.25 q -7.4 -53.8 -7.9 -53.1 q -8.45 -52.45 -9.3 -52.85 l -9.15 -53.15 l -9.75 -53.05 l -10.05 -53.65 q -10.45 -53.45 -10.95 -53.6 l -11.45 -53.8 l -11.85 -54.05 q -12 -54.15 -12.35 -54.4 q -12.6 -54.6 -13 -54.55 q -13.25 -54.6 -13.15 -54.9 q -13.15 -55.2 -13.35 -55.3 l -14.05 -55.05 q -13.9 -55.2 -13.8 -55.6 q -13.6 -55.9 -12.8 -55.95 l -11.4 -56 l -12.45 -56 q -13.05 -56.15 -12.25 -56.15 l -11.15 -56.05 q -11.45 -56.15 -12.1 -56.2 q -11.8 -56.2 -11.85 -56.25 l -12.05 -56.35 q -12.4 -56.6 -11.9 -56.6 q -11.8 -56.45 -11.6 -56.35 q -11.85 -56.55 -11.45 -56.75 l -11.3 -56.8 l -9.8 -57.55 q -8.95 -57.8 -6.65 -58.6 q -4.35 -59.45 -3.25 -59.75 l -3.3 -59.95 q -2.7 -59.9 -1.9 -60.35 q -0.85 -60.95 -0.5 -61.05 l -1.1 -61.05 q -0.6 -61.65 0.35 -62.05 l 0.9 -61.75 q 1.15 -61.95 1.05 -62.15 l 0.95 -62.55 q 1.05 -62.4 1.15 -62.5 q 1.3 -62.6 1.35 -62.55 l 1.25 -62.25 q 1.4 -62.8 1.65 -62.6 l 1.6 -62.5 l 1.7 -62.55 l 1.9 -62.5 l 2.45 -62.1 q 3.05 -61.55 3.4 -60.9 q 3.85 -60 4.6 -57.6 q 4.6 -57.75 4.8 -57.8 q 5.1 -56.25 5.1 -53.7 q 5.1 -50.4 5.15 -49.8 q 5.25 -50.1 5.65 -51 q 6.05 -51.85 6.2 -52.4 q 6.75 -54.15 6.1 -55.3 q 6.3 -55.55 6.25 -56.25 q 6.2 -56.85 6.45 -57 q 6.5 -58.3 5.85 -59.6 l 4.65 -61.8 q 4.6 -62 4.75 -62.1 l 2.85 -63.85 l 2.05 -64.4 c
f #6d5ea0 1 m 4.1 -48.05 q 4.15 -47.85 4.3 -47.9 q 4.55 -48.2 4.4 -48.35 q 4.25 -48.45 4 -48.35 q 4.05 -48.3 4.1 -48.05 c
f #6d5ea0 1 m 2.8 -46.7 q 3.2 -46.3 3.2 -46.25 q 3.5 -46.95 3.55 -47.35 q 3.35 -46.9 3.25 -46.65 q 2.75 -46.5 2.8 -46.9 l 3.05 -47.5 q 2.55 -47 2.8 -46.7 c
f #fff 1 m 6.85 -55.95 q 6.85 -61.6 4.1 -64.5 q 2.7 -65.95 1.3 -66.25 l -19.55 -55.95 l 1.3 -45.65 l 4.1 -47.4 q 6.85 -50.3 6.85 -55.95 c
f #6d5ea0 1 m 45.35 -66.65 l 45.25 -66.75 q 44.75 -66.6 43.65 -66.65 q 42.35 -66.75 42.15 -66.7 l 42.1 -66.9 l 40.45 -66.95 l 41.05 -66.85 q 40.95 -66.55 40.2 -66.8 q 39.2 -67.15 38.6 -66.95 q 38.05 -67 36.85 -66.45 q 35.7 -65.95 35.1 -66.15 q 34.9 -66.05 35 -66.2 q 35.25 -66.5 34.75 -66.4 q 34.75 -66.55 34.95 -66.6 q 35.05 -66.7 34.95 -66.85 q 34.55 -66.8 33.85 -66.95 q 33.15 -67.15 32.6 -67.05 l 32.55 -67.3 q 31.85 -67.1 30.7 -67.3 q 29.6 -67.55 29.15 -67.35 q 28.55 -67.3 28.05 -67.65 q 27.6 -67.95 26.85 -67.7 l 26.3 -68.05 q 26 -68.1 25.75 -67.9 q 25.55 -67.75 25.2 -67.85 q 25.25 -67.95 24.85 -68.05 q 24.55 -68.15 24.75 -68.25 q 24.15 -68.4 22.4 -68.3 q 20.75 -68.2 19.65 -68.6 q 19.4 -68.4 18.7 -68.35 q 18 -68.3 17.85 -68.15 q 17.85 -68.2 17 -68.35 q 16.35 -68.45 17 -68.65 l 17.25 -68.6 l 17.4 -68.8 q 16.75 -69.1 15.8 -68.95 q 14.55 -68.75 14.15 -68.8 q 14.35 -68.75 14.65 -68.7 q 14.85 -68.65 14.65 -68.55 l 13.6 -68.6 l 13.8 -68.8 l 11.65 -69 l 12.05 -68.75 q 10.85 -69 10.35 -69.1 q 9.4 -69.3 8.6 -69.1 q 8.35 -69 9 -68.8 q 9.5 -68.65 8.8 -68.65 l 8.15 -68.75 l 7.7 -63.3 q 7.95 -63.4 8.05 -62.7 l 7.8 -62.65 q 8 -61.95 7.7 -61.7 q 7.4 -61.45 7.55 -60.75 l 7.9 -60.5 q 8.1 -59.9 7.9 -59.55 q 7.7 -59.2 8.05 -58.45 q 8 -58.9 8.3 -58.7 q 8.55 -58.5 8.5 -58.05 l 8.25 -58.2 l 8.35 -57.45 q 8.25 -57.65 8.15 -57.55 q 8 -57.45 8.05 -57.05 l 7.75 -57.4 l 8.15 -56.35 q 8.05 -56 8.05 -55 q 8.1 -54.15 7.9 -53.95 q 7.75 -52.3 8.05 -51.9 q 7.95 -52 7.8 -51.7 q 7.65 -51.35 7.5 -51.5 q 7.7 -51.1 7.8 -50.4 q 7.9 -49.6 7.7 -49.25 l 7.7 -49.35 q 7.6 -48.55 7.7 -46.7 l 7.8 -45.45 q 7.85 -44.5 7.7 -43.15 q 7.85 -43.25 7.95 -42.6 q 8 -42 8.2 -42.35 q 8.3 -41.9 8.3 -41 q 8.6 -41 11.3 -40.85 q 12.95 -40.85 13.15 -41.4 q 14 -41.5 14.55 -41.1 l 14.35 -41.05 q 16.7 -41.2 17.5 -41.2 q 17.65 -41.25 18.2 -41.55 q 18.6 -41.8 19.2 -41.75 q 18.9 -41.55 19.65 -41.55 q 19.25 -41.45 19.85 -41.3 l 20.15 -41.45 l 20.15 -41.4 q 20.9 -41.5 20.35 -41.6 q 20.45 -41.6 20.25 -41.7 q 20.55 -41.6 21.45 -41.6 q 22.15 -41.6 22.2 -41.4 q 24.15 -41.5 27.1 -42.1 q 27.35 -41.85 26.45 -41.65 l 27.6 -41.75 q 27.55 -41.55 27.2 -41.55 q 26.8 -41.5 26.6 -41.5 q 27.25 -41.3 28.7 -41.55 q 30.15 -41.8 30.95 -41.6 l 31.3 -41.85 l 31.35 -41.8 q 31.35 -41.9 31.55 -42 q 31.75 -42.1 31.95 -42.1 q 32.1 -41.85 32.15 -41.75 q 32.25 -41.6 32.75 -41.6 q 33.15 -41.45 33.95 -41.6 q 34.4 -41.7 35.3 -41.9 q 34.8 -41.95 35.2 -42.15 q 35.6 -42.15 36.1 -42.05 l 36.15 -41.8 q 36.15 -41.9 36.65 -42 q 37.25 -42.15 37.3 -42.2 q 37.45 -42.05 37.1 -42 q 36.65 -41.9 36.6 -41.8 l 39 -41.9 q 39.45 -42.05 39.25 -42.15 q 39.05 -42.35 39.2 -42.45 q 39.6 -42.5 40.35 -42.65 q 41 -42.7 41.55 -42.6 l 41.25 -42.9 q 43.2 -43.2 44.45 -42.85 q 46.95 -43.5 48.25 -44 q 49.1 -41.75 50.95 -48.65 l 51 -48.55 q 51.4 -51.65 50.85 -53.3 q 51.15 -53.45 51.1 -54.3 q 51 -55.35 51.05 -55.5 l 51.1 -55.45 q 50.9 -56.05 51.1 -57.35 q 51.3 -58.6 51.1 -59.25 q 51.25 -59.1 51.3 -58.95 q 51.2 -61 51.45 -61.05 l 51.35 -66.9 q 48.7 -67 47.25 -66.75 l 47.45 -66.8 q 46.75 -66.65 46.3 -66.65 q 45.8 -66.75 45.35 -66.65 m 47.75 -63.5 q 47.6 -62.9 47.5 -62.65 q 47.4 -62.15 47.35 -61.1 q 47.2 -58.9 47.45 -57.25 q 47.4 -57.15 47.5 -56.95 q 47.55 -56.75 47.6 -56.75 l 47.5 -53 q 47.45 -48.6 47.85 -45.85 q 47.25 -45.95 46.55 -46 q 44.1 -46.35 41.3 -46 q 35.95 -45.45 35.5 -45.4 q 34.05 -45.4 30.65 -45.7 q 28.2 -45.85 25.65 -45.7 q 25.4 -45.7 19.25 -45.4 q 18.75 -45.2 17.35 -45.2 q 15.9 -45.15 15.35 -45 l 14.9 -45.2 q 14.1 -45 13.65 -45.1 l 13.65 -45.2 q 13.2 -45.05 12.8 -45.05 l 12.65 -45 l 12.65 -45.1 l 12.5 -45.05 l 12.6 -45.15 l 12.2 -45 l 12.25 -45.3 l 11.95 -45.15 q 12.05 -45.35 12.05 -45.55 l 12 -46.6 q 11.8 -47.75 12.05 -48.85 l 12.15 -48.8 q 11.75 -49.95 12 -51.8 q 12.2 -53.65 11.9 -54.85 q 11.95 -54.7 12.05 -54.8 q 12.1 -54.95 12.15 -54.95 q 12.05 -56.15 11.95 -56.5 q 11.8 -57.2 11.45 -57.2 q 11.45 -57.7 11.55 -57.85 q 11.65 -57.9 11.85 -57.95 q 11.55 -57.95 11.45 -59.3 l 11.55 -59 l 11.5 -60.8 l 11 -60.45 q 11.05 -60.9 11.35 -61 q 11.55 -61.1 11.5 -61.6 l 11.1 -61.55 q 11.1 -62.25 11.5 -63.25 l 11.65 -63.65 l 11.7 -63.85 l 11.8 -64 l 12.05 -64.2 l 12.05 -64.7 l 12.5 -64.7 l 12.75 -64.75 l 17.05 -64.8 q 21.5 -64.8 23.9 -64.35 l 24.1 -64 q 24.15 -63.8 24.8 -64.1 q 25.55 -64.4 25.65 -64.2 l 26.2 -64.35 q 26.7 -64.2 26.4 -64.1 q 26.65 -64.1 27.35 -64.25 l 27.9 -63.95 q 29 -63.8 30.85 -63.9 q 32.95 -64 33.95 -63.9 q 36.4 -63.25 44.4 -63.65 q 45.45 -63.8 46.75 -63.7 l 47.75 -63.5 h c
f #fff 1 m 49.4 -43.5 l 49.4 -65.05 l 10.05 -66.8 l 10.05 -42.8 l 49.4 -43.5 c
f #6d5ea0 1 m 4.2 -68.15 l 4.1 -68.15 l 3.9 -67.85 q 4 -67.9 4.1 -67.9 l 4.1 -67.85 l 4.2 -68.15 c f #6d5ea0 1 m 7.1 -68.45 q 6.9 -68.3 6.9 -68.1 q 6.9 -68 6.6 -67.9 q 6.8 -67.85 6.9 -67.95 q 7.05 -68.1 7.15 -68.1 q 7.25 -68 7.05 -67.8 q 6.9 -67.7 6.85 -67.65 q 7 -67.75 7.45 -67.75 l 7.25 -67.9 q 7.4 -68.1 7.45 -67.95 q 7.55 -67.75 7.75 -67.95 q 8.25 -67.1 8.1 -66.85 q 8.4 -66.8 8.75 -67.05 q 8.85 -66.9 8.8 -66.7 q 8.75 -66.5 8.75 -66.4 q 9.25 -66.55 9.05 -66.75 l 9.4 -66.65 q 9.45 -66.6 9.25 -66.6 q 9.5 -66.5 9.75 -66.85 q 9.6 -66.7 9.6 -66.8 q 10 -67.05 10 -67.15 q 9.9 -67.1 9.75 -67.15 q 9.65 -67.2 9.5 -67.1 q 9.65 -67.35 9.7 -67.35 q 9.5 -67.5 9.3 -67.6 q 9.3 -67.6 9.4 -67.65 q 9.45 -67.7 9.5 -67.75 q 9.15 -67.85 8.95 -67.65 q 8.95 -67.8 8.65 -67.75 q 8.45 -67.75 8.5 -67.85 q 8.4 -67.7 8.2 -67.8 q 8.2 -67.95 8.55 -68.25 q 8.9 -68.35 8.8 -68.2 q 8.7 -67.95 8.75 -67.9 l 9.15 -67.95 q 9.3 -68.2 9.05 -68.15 q 9.25 -68.65 9.65 -68.4 q 9.7 -68.5 9.5 -68.5 q 9.7 -69 9.4 -69 q 9.4 -69 9.4 -68.9 q 9.35 -68.8 9.45 -68.75 q 9.3 -68.7 9.15 -68.8 q 8.95 -68.85 9.05 -69 l 8.4 -68.7 q 8.35 -68.8 8.4 -68.85 l 8.1 -68.75 l 8.25 -68.55 q 8 -68.6 7.75 -68.4 q 7.55 -68.15 7.4 -68.1 q 7.4 -68.2 7.85 -68.55 q 7.7 -68.7 7.65 -68.55 q 7.55 -68.4 7.4 -68.4 l 7.35 -68.6 l 7.15 -68.35 q 7.1 -68.35 7.1 -68.45 c f #6d5ea0 1 m 6.1 -68.1 l 6.1 -68.15 l 5.7 -67.8 q 5.55 -67.85 5.1 -67.65 q 4.7 -67.55 4.55 -67.7 l 4.65 -67.4 l 3.9 -67.25 q 3.9 -67.35 4.25 -67.55 q 3.6 -67.55 3.15 -67.1 q 3.3 -66.95 3.6 -66.8 q 3.45 -66.55 3.3 -66.7 q 3.05 -66.9 2.9 -66.8 q 2.85 -67.05 2.9 -67.3 q 2.5 -67.1 2.3 -66.95 q 2.1 -67.4 2.75 -67.5 q 2.9 -67.4 3.2 -67.5 q 3.45 -67.6 3.6 -67.5 l 3.4 -67.65 q 3.55 -67.75 3.8 -67.85 q 3.65 -67.9 3.45 -68 q 3.25 -68.15 3.15 -68 q 3.15 -68.05 3.05 -68.2 q 2.95 -68.3 3.05 -68.4 q 3.15 -68.45 3.3 -68.45 q 3.4 -68.4 3.4 -68.5 q 3.25 -68.6 2.95 -68.55 q 2.9 -68.4 2.45 -67.8 q 2.1 -67.6 1.7 -67.7 q 1.85 -67.75 2 -67.9 q 2.1 -68.05 2.05 -68.2 q 2 -68.05 1.8 -68.1 q 1.65 -68.15 1.7 -68 q 0.9 -68 0.85 -68.25 q 1.1 -68.4 1.6 -68.3 l 1.5 -68.45 l 1.85 -68.45 q 1.5 -68.65 1.3 -68.6 l 1.35 -68.55 l 1.05 -68.5 l 1.05 -68.8 q 0.95 -68.75 0.55 -68.8 q 0.1 -68.85 -0.15 -68.7 l -0.1 -68.75 q -0.3 -68.75 -0.45 -68.5 q -0.65 -68.2 -0.85 -68.15 q -0.75 -68.3 -0.85 -68.5 q -0.95 -68.4 -1.1 -68.5 q -1.3 -68.65 -1.35 -68.65 q -1.2 -68.55 -1.3 -68.45 q -1.35 -68.3 -1.3 -68.25 q -1.25 -67.95 -1.9 -67.95 q -1.95 -68.1 -1.65 -68.25 q -1.4 -68.35 -1.6 -68.55 q -1.75 -68.55 -1.8 -68.45 q -1.8 -68.35 -1.7 -68.3 q -2.45 -68.45 -2.55 -68.55 q -3 -68.4 -3.15 -68 q -3 -68.3 -2.75 -68.2 l -3 -67.9 q -3.25 -67.85 -3.75 -68.1 l -3.55 -68.2 l -3.55 -68.15 q -3.5 -68.2 -3.35 -68.3 q -3.2 -68.35 -3.25 -68.45 q -3.35 -68.3 -3.5 -68.3 q -3.7 -68.3 -3.8 -68.2 l -3.8 -68.25 q -4 -68.15 -4.4 -68.25 q -4.75 -68.35 -4.9 -68.05 q -4.8 -68.05 -4.7 -67.95 q -4.6 -67.85 -4.65 -67.8 q -4.7 -67.85 -4.9 -67.9 q -5.05 -67.9 -5.05 -68 l -4.95 -68.05 l -5.45 -68 q -5.45 -67.7 -5.6 -67.6 q -5.85 -67.6 -5.75 -67.85 q -5.65 -68.1 -5.8 -68.15 l -6.2 -67.9 l -6.3 -68.05 q -6.65 -68.15 -7.15 -67.85 q -7.8 -67.55 -8.05 -67.55 q -8.1 -67.7 -7.8 -67.85 q -7.6 -68 -7.45 -68 q -7.6 -68.15 -7.85 -68.05 q -8.1 -67.95 -8.25 -68 l -8.55 -68 l -8.8 -67.85 q -9.05 -67.75 -8.9 -67.6 q -9.5 -67.45 -9.5 -67.75 q -9.55 -67.55 -10 -67.5 q -10.25 -67.45 -10.8 -67.4 l -10.95 -67.55 l -11.55 -67.3 q -11.45 -67.3 -11.4 -67.2 l -11.3 -67.05 l -11.5 -67.05 q -11 -66.85 -10.35 -67.05 q -9.65 -67.25 -9.2 -67 q -9.3 -66.95 -9.25 -66.9 q -9.2 -66.8 -9.3 -66.8 q -9.5 -66.8 -9.55 -66.9 q -9.65 -66.75 -9.65 -66.7 q -9.65 -66.6 -9.45 -66.65 q -9.4 -66.45 -9.75 -66.3 q -9.9 -66.25 -10.35 -66.15 q -10.6 -66.25 -10.45 -66.4 l -10.1 -66.7 q -10.55 -66.55 -10.6 -66.55 l -10.7 -66.85 q -11.05 -66.75 -10.95 -66.6 q -10.7 -66.4 -10.7 -66.35 q -10.65 -66.15 -10.95 -66.2 l -11.4 -66.25 l -11.25 -66.35 q -11.5 -66.4 -11.85 -66.15 l -11.85 -65.85 l -12.05 -65.85 q -11.9 -66 -12.05 -66.35 q -12 -66.4 -12 -66.55 q -12 -66.65 -11.9 -66.65 q -12.45 -66.75 -12.3 -66.95 q -12.25 -67.1 -11.95 -67.35 q -12.65 -67.25 -13.1 -67.4 l -13.15 -67.35 q -13.05 -67 -13.1 -66.35 q -13.1 -65.8 -12.9 -65.35 q -12.9 -65.2 -13 -65.4 q -13.1 -65.55 -13.1 -65.4 q -13.2 -64.45 -12.95 -63.4 q -12.95 -63.2 -13 -63.15 q -13.1 -63.1 -13.2 -63.05 l -13.2 -62.45 l -13.15 -62.2 q -13.15 -61.9 -13 -61.7 q -12.75 -60.9 -12.85 -60.55 l -13 -60.7 q -13.1 -60.3 -12.9 -60.2 q -13.1 -60.1 -13 -59.6 q -12.85 -59.15 -13.1 -59 q -13.15 -58.75 -12.95 -58.55 q -12.75 -58.3 -12.7 -58.2 q -13 -58.2 -13.05 -58.1 q -12.9 -56.9 -12.8 -54.75 l -12.85 -54.85 q -12.85 -54.5 -12.7 -53.7 q -12.5 -52.95 -12.6 -52.6 q -12.4 -52.15 -12.25 -52.25 q -12.25 -52.4 -11.85 -52.4 q -11.75 -52.05 -11.95 -51.95 q -12.15 -51.85 -12.15 -51.7 q -12.35 -51.65 -12.4 -51.8 q -12.55 -51.95 -12.7 -51.95 l -12.45 -51.4 q -12.35 -50.75 -12.55 -50.45 q -12.55 -50.5 -12.65 -50.55 q -12.75 -50.6 -12.65 -50.7 l -12.6 -50.7 q -12.6 -50.95 -12.7 -51.05 q -12.8 -51.1 -12.8 -51.15 q -12.7 -50.65 -12.75 -50.15 q -12.6 -50.2 -12.6 -50.05 q -12.55 -49.85 -12.5 -49.8 l -12.5 -49.75 q -12.35 -49.55 -12.3 -49.5 l -12.6 -49.4 q -12.55 -49.3 -12.5 -49.35 q -12.4 -49.35 -12.4 -49.3 q -12.15 -48.35 -12.65 -48.3 q -12.45 -48 -12.45 -47.75 l -12.65 -47.85 l -12.65 -46.95 l -12.75 -46 q -12.65 -44.65 -12.45 -44.3 q -12.45 -45.1 -12.2 -44.75 l -12.05 -44.1 q -12.1 -44.1 -12.2 -43.8 q -12.25 -43.55 -12.35 -43.8 q -12.5 -43.6 -12.45 -43.05 q -12.4 -42.5 -12.6 -42.4 l -12.5 -41.7 l -11.9 -41.8 q -11.95 -41.7 -12.2 -41.7 q -12.5 -41.65 -12.55 -41.6 l -12.1 -41.65 l -12.2 -41.55 q -11.8 -41.45 -11.35 -41.65 q -10.7 -41.9 -10.65 -41.9 l -10.7 -41.85 l -10.35 -41.9 l -10.85 -41.65 q -10 -41.9 -9.5 -41.95 l -9.5 -41.85 l -9.2 -41.95 l -9.25 -41.85 q -9.05 -42 -8.6 -42.05 q -8.15 -42.1 -8.05 -42.2 l -7.85 -42 q -7.75 -41.9 -7.65 -42.05 l -7.7 -41.7 q -7.9 -41.7 -8 -41.8 q -8.05 -41.9 -8.45 -41.85 l -7.95 -41.6 l -7.5 -41.45 l -6.45 -41.45 q -6.3 -41.5 -5.6 -41.5 q -5.1 -41.45 -4.95 -41.75 l -5 -41.55 l -4.2 -41.35 l -3.15 -41.35 q -2.6 -41.35 -2.25 -41.5 l -2.1 -41.3 q -1.85 -41.55 -0.9 -41.7 q -0.05 -41.8 0.15 -42.15 q 0.35 -42.05 0.2 -41.95 q 0.05 -41.85 0 -41.8 q 0.05 -41.75 0.4 -41.9 q 0.7 -42 0.85 -41.85 q 0.5 -41.75 0.65 -41.7 q 0.75 -41.6 0.85 -41.65 q 1 -41.75 1.05 -41.65 q 0.95 -41.95 1.65 -42.1 l 1.6 -42.15 q 1.6 -42.2 1.9 -42.3 l 1.85 -42.2 q 4.25 -42.6 6.45 -42.25 l 6.2 -42.15 q 6.45 -42.25 6.9 -42.1 l 6.85 -42.05 q 7.05 -41.9 7.25 -42.05 q 7.45 -42.15 7.6 -42 l 7.55 -41.95 q 7.75 -41.95 8.2 -41.8 q 8.5 -41.65 8.8 -41.75 q 9.15 -41.65 9.4 -41.3 q 9.7 -41.3 9.7 -41.55 l 9.6 -41.55 q 9.5 -41.75 10 -41.8 q 9.95 -41.95 9.9 -42.3 q 9.85 -42.65 9.55 -42.85 q 9.4 -42.8 9.25 -43.05 q 9.1 -43.3 8.9 -43.3 q 8.75 -43.1 8.5 -43.25 q 8.2 -43.45 8.05 -43.3 q 8.1 -43.4 7.95 -43.5 q 7.8 -43.6 7.95 -43.75 q 7.9 -43.85 7.5 -43.75 q 7.15 -43.65 7 -43.8 q 7.05 -43.85 7.1 -43.95 q 6.9 -43.85 6.8 -44 q 6.7 -44.15 6.55 -44.15 l 6.55 -43.85 q 6.5 -43.8 6.45 -43.85 q 6.4 -43.95 6.35 -43.95 q 6.55 -43.75 6.5 -43.65 q 6.25 -43.5 6.1 -43.5 q 6.1 -43.6 6.3 -43.7 l 5.95 -43.85 q 6.3 -44.05 6.3 -44.1 q 6.1 -44.2 6.05 -44.25 q 6 -44.2 5.9 -44.2 q 5.65 -44.2 5.55 -44.2 q 5.55 -44.35 5.75 -44.35 q 5.55 -44.65 5.25 -44.5 q 4.85 -44.35 4.65 -44.4 l 4.75 -44.5 q 4.65 -44.45 4.45 -44.55 q 4.3 -44.65 4.2 -44.55 q 4.1 -44.55 4.1 -44.75 q 4.05 -44.9 3.85 -44.9 q 3.9 -44.75 3.65 -44.75 q 3.4 -44.8 3.4 -44.6 l 3.15 -44.85 q 3.05 -44.8 3 -44.45 q 3 -44.25 2.7 -44.2 q 2.5 -44.3 2.55 -44.6 q 2.65 -44.9 2.55 -45 l 2.4 -44.8 l 2.2 -44.95 l 2.2 -44.95 q 1.9 -44.9 1.9 -45.1 l 2.1 -45.25 q 2 -45.2 1.6 -45.35 q 1.2 -45.5 1.05 -45.2 q 0.7 -45.45 0.7 -45.5 q 0.65 -45.35 0.35 -45.45 q 0.05 -45.5 0 -45.45 q 0 -45.5 -0.1 -45.55 q -0.2 -45.65 -0.25 -45.6 q -0.05 -45.5 -0.35 -45.3 q -0.4 -45.35 -0.65 -45.4 q -0.9 -45.45 -0.95 -45.6 q -1.05 -45.55 -1.15 -45.05 q -1.2 -45.1 -1.5 -45.25 q -1.7 -45.35 -1.65 -45.55 q -1.2 -45.35 -1.3 -45.65 q -1.55 -45.8 -1.6 -45.55 q -1.6 -45.6 -1.7 -45.85 q -1.9 -45.75 -2.15 -45.85 q -2 -45.75 -2.1 -45.65 q -2.2 -45.55 -2.15 -45.5 l -1.9 -45.75 q -1.7 -45.75 -1.75 -45.65 q -1.8 -45.5 -1.75 -45.5 q -2 -45.45 -2.2 -45.25 q -2.45 -45 -2.7 -44.95 l -3 -45.1 q -2.85 -45.15 -2.85 -45.3 q -2.85 -45.45 -2.95 -45.5 q -3.1 -45.35 -3.3 -45.5 q -3.4 -45.55 -3.55 -45.7 q -3.55 -45.65 -3.55 -45.55 q -3.55 -45.45 -3.65 -45.4 q -4.1 -45.25 -4.05 -45.65 q -4.3 -45.65 -4.95 -45.8 q -5.45 -45.95 -5.8 -45.85 l -5.55 -45.6 l -5.45 -45.85 q -5.15 -45.55 -5.65 -45.1 q -5.65 -45.15 -5.8 -45.2 q -5.95 -45.2 -5.85 -45.3 l -6.25 -45.2 q -5.95 -45.1 -6.1 -45 q -6.6 -45.15 -6.35 -45.3 q -6.85 -45.3 -6.75 -45.05 q -7.2 -45.05 -6.55 -45.5 q -6.85 -45.55 -6.7 -45.85 l -7.05 -45.8 q -6.95 -45.85 -6.9 -46.05 q -7 -46.1 -7.15 -46 q -7.35 -45.95 -7.45 -46.1 l -7.5 -45.9 l -7.85 -46 l -7.85 -46.15 l -7.9 -45.95 q -7.85 -46.2 -7.9 -46.1 l -8.25 -45.7 q -8.25 -45.75 -8.15 -45.85 l -8.25 -45.8 l -8.15 -45.9 q -8.1 -45.95 -8.1 -46 q -8.45 -45.8 -8.8 -45.85 q -9.25 -45.5 -9.5 -45.65 q -9.35 -45.7 -9.25 -46 q -8.85 -46.2 -8.8 -46.1 l -9 -45.9 l -8.5 -46.2 l -8.3 -46.15 q -8.1 -46.2 -7.95 -46.2 q -7.95 -46.25 -8.1 -46.2 q -7.9 -46.3 -8 -46.7 q -8.15 -47.1 -8 -47.2 l -8.1 -47.15 q -8.2 -47.1 -8.25 -47.25 q -8.25 -47.35 -8.05 -47.6 q -8.1 -47.65 -8.2 -47.9 q -8.25 -48.1 -8.2 -48.1 q -8.25 -48.15 -8.45 -48.1 q -8.65 -48 -8.75 -48.15 q -9 -48.3 -8.85 -48.75 q -8.75 -48.95 -8.7 -48.7 l -8.75 -49.1 q -8.7 -49.25 -8.6 -49.1 q -8.5 -48.95 -8.55 -48.8 q -8.4 -49 -8.5 -49.25 q -8.55 -49.45 -8.75 -49.55 q -8.7 -49.7 -8.65 -50 q -8.6 -49.9 -8.35 -49.8 q -8.15 -49.7 -8.1 -49.55 q -8.1 -49.35 -8.25 -49.45 q -8.4 -49.5 -8.45 -49.35 l -8.2 -49.35 q -8.3 -49.25 -8.25 -49.1 q -8.15 -48.95 -8.15 -48.9 q -8.25 -48.75 -8.25 -48.9 q -8.25 -48.3 -8.1 -48.2 q -8 -48.4 -8.05 -48.85 q -8.05 -49.3 -7.9 -49.4 l -8.25 -50.2 q -8.3 -50.2 -8.45 -50.1 q -8.55 -50 -8.65 -50.15 q -8.35 -50.25 -8.25 -50.8 q -8.35 -50.7 -8.5 -50.95 q -8.6 -51.2 -8.75 -51.15 q -8.65 -51.05 -8.75 -50.95 l -8.85 -50.9 q -8.85 -51.05 -9 -51.05 q -9.15 -51.05 -9.15 -51.1 q -9.1 -51.4 -9 -51.35 q -8.9 -51.35 -8.85 -51.6 q -8.45 -51.35 -8.3 -50.9 q -8.2 -50.9 -8.2 -51.1 q -8.2 -51.25 -8.15 -51.35 q -8.25 -51.25 -8.35 -51.3 q -8.5 -51.35 -8.5 -51.3 l -9 -52.8 q -8.8 -52.75 -8.6 -52.35 q -8.4 -51.95 -8.15 -52.05 q -8.15 -52.15 -8.3 -52.3 q -8.45 -52.4 -8.4 -52.55 q -8.25 -52.65 -8.3 -52.95 q -8.3 -53.1 -8.4 -53.5 l -8.5 -53.35 q -8.6 -53.45 -8.5 -53.85 l -8.45 -53.85 l -8.55 -54 l -8.5 -54 q -8.6 -54.15 -8.6 -54.45 q -8.65 -54.35 -8.7 -54.25 q -8.8 -54.15 -8.9 -54.25 q -8.9 -54.65 -9.15 -55.4 l -9.2 -55.25 q -9.3 -55.35 -9.3 -55.8 q -9.2 -56 -9.05 -55.85 q -8.9 -55.65 -8.85 -55.75 q -8.8 -55.7 -8.8 -55.5 q -8.8 -55.35 -8.65 -55.3 l -8.35 -55.55 q -8.5 -55.75 -8.3 -56.15 l -8.4 -56 q -8.55 -56 -8.5 -56.1 q -8.5 -56.15 -8.45 -56.25 l -8.75 -56.1 q -8.8 -56 -8.7 -55.8 q -8.65 -55.65 -8.75 -55.55 q -8.8 -55.75 -8.95 -55.95 q -9.1 -56.1 -9.1 -56.35 q -9.05 -56.3 -8.95 -56.25 q -8.95 -56.3 -9 -56.5 q -9.1 -56.7 -9.05 -56.85 q -8.8 -56.5 -8.65 -56.65 l -8.9 -56.8 q -8.85 -56.9 -8.75 -56.9 q -8.75 -57 -8.85 -57 q -9 -57 -8.95 -57.15 l -8.8 -57.25 q -8.8 -57.3 -9 -57.7 q -9 -57.45 -9.2 -57.45 q -9.4 -57.45 -9.4 -57.7 q -9.4 -57.9 -9.45 -58.2 q -9.5 -58.45 -9.3 -58.6 l -9.45 -58.8 q -9.3 -58.75 -9.3 -58.9 l -9.3 -59.15 q -9.2 -59.15 -9.15 -58.9 q -9.15 -58.6 -8.9 -58.6 q -8.85 -58.75 -8.8 -58.75 q -8.65 -58.65 -8.6 -58.65 q -8.65 -58.9 -9.1 -58.85 q -9.05 -59.35 -8.85 -59.2 q -8.8 -59.3 -8.95 -59.4 q -9.05 -59.55 -9.05 -59.65 l -8.65 -59.6 l -8.65 -59.9 l -8.75 -59.9 q -8.85 -59.85 -8.8 -59.75 q -8.9 -59.8 -8.9 -60 q -8.9 -60.25 -8.95 -60.25 q -8.8 -60.3 -8.8 -60.5 q -8.85 -60.85 -8.8 -60.9 q -9.1 -60.9 -8.95 -60.7 q -8.85 -60.45 -9.05 -60.4 q -9.15 -60.55 -9.15 -61.05 q -9.15 -61.6 -9.3 -61.85 q -9.25 -62.05 -9.15 -62 q -8.95 -61.9 -8.9 -61.95 q -8.85 -61.75 -8.9 -61.55 q -8.95 -61.3 -8.9 -61.15 q -8.7 -61.85 -9 -62.35 q -9.05 -62.55 -8.75 -62.6 q -8.55 -62.6 -8.6 -62.7 l -8.9 -62.7 l -8.9 -62.85 q -9 -62.9 -9.1 -62.9 q -9.1 -63.05 -8.95 -62.9 l -8.9 -62.9 q -9 -63 -8.8 -63 q -8.65 -62.95 -8.85 -63.1 l -8.85 -63.05 q -9.15 -63.15 -9.25 -63.45 q -9.25 -63.5 -9.2 -63.55 q -9.15 -63.35 -9 -63.25 l -8.95 -63.35 l -9 -63.35 l -9.2 -63.7 q -9.45 -63.85 -9.45 -63.9 l -9.45 -63.95 q -9.25 -63.95 -9.05 -63.75 q -9.1 -63.85 -8.9 -64 q -9.05 -64.05 -9.05 -64.25 l -8.65 -64.05 q -8.75 -64 -8.65 -63.9 q -8.5 -63.75 -8.5 -63.7 q -8.4 -63.5 -8.7 -63.6 q -8.45 -63.4 -8.45 -63.55 q -8.45 -63.75 -8.3 -63.65 q -8.3 -63.6 -8.25 -63.55 q -8.25 -63.65 -8.1 -63.55 q -8.3 -63.75 -8.2 -63.9 l -8 -63.65 l -7.85 -63.8 q -7.7 -64.1 -7.65 -64.1 l -7.9 -64.25 q -7.85 -64.35 -7.7 -64.4 q -7.5 -64.4 -7.5 -64.55 q -7.7 -64.55 -7.95 -64.4 q -8.05 -64.65 -7.65 -64.7 q -7.4 -64.65 -7 -64.45 q -7 -64.25 -7.2 -63.95 q -7.4 -63.65 -7.35 -63.4 q -6.3 -63.65 -6.1 -63.55 q -5.8 -63.7 -5.9 -64.25 q -5.8 -64.3 -5.6 -64.2 l -5.75 -64.05 q -4.95 -64.4 -4.65 -64.4 q -4.4 -64.5 -4.6 -64.9 l -4.3 -64.95 l -4.35 -65 q -4.3 -65.2 -3.85 -65.2 l -3.95 -65 q -3.7 -64.8 -3.4 -65.1 q -3.4 -64.7 -3.7 -64.8 l -3.75 -64.85 l -4.05 -64.7 q -3.5 -64.95 -3.4 -64.35 q -3.25 -64.45 -3.4 -64.55 q -3.55 -64.65 -3.3 -64.75 q -3 -64.55 -2.45 -64.6 q -2 -64.65 -1.8 -64.3 q -1 -64.75 -0.8 -64.8 q -0.8 -64.9 -0.65 -64.95 q -0.5 -65 -0.55 -65.15 q -0.75 -65.25 -1.15 -65.05 q -1.45 -64.85 -1.65 -65.05 q -1.75 -65 -1.8 -64.85 q -1.8 -64.7 -1.85 -64.65 q -2.15 -64.55 -2.2 -64.75 q -2 -64.8 -1.95 -65.05 q -1.9 -65.25 -1.65 -65.3 q -1.7 -65.4 -2.3 -65.4 q -2.2 -65.6 -2.45 -65.7 l -1.95 -66.2 q -1.85 -66.05 -1.9 -66 l -1.45 -66.35 q -1.15 -66.2 -1.3 -65.95 q -0.55 -66.25 -0.5 -65.95 q -0.2 -66 -0.7 -66.2 l -1.05 -66.15 q -1.05 -66.3 -0.85 -66.3 q -0.55 -66.25 -0.55 -66.45 q -0.55 -66.85 -0.25 -66.65 q 0.2 -66.35 0.25 -66.4 l 0 -65.9 l 0.25 -66.05 q 0.15 -65.5 -0.1 -65.3 q 0.95 -65.3 1.05 -65.35 q 1.2 -65.1 1.2 -64.85 q 1.4 -65.05 1.65 -64.95 q 2.05 -64.75 2.1 -64.75 q 2.25 -64.9 2.05 -65 q 1.85 -65.15 1.95 -65.25 q 2.1 -65.15 2.35 -65.3 q 2.3 -65.25 1.6 -65.4 q 1.7 -65.4 1.75 -65.55 q 1.8 -65.6 1.8 -65.75 l 1.5 -65.75 q 1.5 -65.9 1.7 -65.9 q 1.95 -65.9 2 -66 q 1.9 -65.5 1.9 -65.45 q 2.5 -65.65 2.8 -65.45 q 2.9 -65.4 2.8 -65.35 q 2.7 -65.25 2.65 -65.25 q 2.7 -65.15 2.85 -65.2 q 2.95 -65.25 3 -65.15 q 2.8 -65.1 2.75 -65.05 l 3.5 -65.05 q 3.6 -64.9 3.2 -64.9 q 3.55 -64.75 3.9 -65.3 q 4.3 -65.15 4.4 -65 l 4.4 -65.2 q 4.65 -65.15 4.8 -65.35 q 4.95 -65.55 5 -65.55 l 4.8 -65.75 q 5 -65.65 5.05 -65.8 q 5.05 -66 5.2 -65.95 q 5.15 -65.65 5.3 -65.3 q 5.3 -65.4 5.45 -65.4 q 5.5 -65.4 5.65 -65.35 q 5.6 -65.45 5.75 -65.55 q 5.85 -65.65 5.7 -65.75 q 5.85 -65.85 6.05 -65.8 q 6.25 -65.8 6.35 -65.95 q 6.3 -65.95 6.4 -66.1 q 6.55 -66.25 6.5 -66.3 q 7.05 -66.4 6.95 -65.9 q 6.7 -65.9 6.7 -65.8 l 7.25 -65.9 q 7.55 -65.7 7.6 -65.55 q 7.65 -65.65 7.95 -65.6 q 8.2 -65.55 8.25 -65.7 q 8.1 -65.55 7.85 -65.8 l 7.9 -65.85 l 7.85 -65.85 l 8.05 -66.3 q 7.95 -66.35 7.9 -66.2 q 7.9 -66 7.7 -66 q 7.55 -66.2 7.85 -66.45 q 8.15 -66.75 8 -66.85 q 7.85 -66.9 7.8 -66.75 q 7.65 -66.45 7.65 -66.4 l 7.7 -66.4 l 7.25 -66.2 q 7.25 -66.35 7.35 -66.45 q 6.7 -66.6 6.15 -66.6 q 6.2 -66.55 6.25 -66.35 q 6.25 -66.15 6.05 -66.1 q 5.95 -66.05 5.9 -66.1 q 5.75 -66.2 5.7 -66.2 q 5.95 -66.4 6 -66.35 l 5.95 -66.65 q 6.1 -66.75 6.25 -67.1 q 6.35 -67.3 6.7 -67.4 q 6.7 -67.55 6.75 -67.6 q 6.65 -67.65 6.45 -67.8 q 6.3 -67.95 6.15 -67.85 q 6.2 -67.9 6.25 -68 q 6.25 -68.05 6.45 -68.1 q 6.65 -68.25 6.3 -68.35 q 6.35 -68.05 6.1 -68.1 c
f #fff 1 m 10.05 -42.8 l 10.05 -66.8 l -10.65 -65.05 l -10.65 -43.5 l 10.05 -42.8 c
f #6d5ea0 1 m 24.9 75.9 q 24.85 76 24.5 75.45 q 24.2 75 24.1 76 q 24.2 79.05 24.65 80.4 q 25.1 81.75 25.15 84.9 l 25.3 81.7 q 24.75 81.95 24.55 77.2 l 24.8 76.45 l 24.95 77.15 q 24.85 76.6 24.9 75.9 c
f #6d5ea0 1 m 22.25 127.7 q 22.4 127.6 22.35 127.55 q 22.25 127.45 21.65 127.35 q 22.15 127.45 20.8 127.6 q 19.6 127.75 21.1 127.9 l 22.6 127.85 q 22.85 127.8 23.4 127.8 l 23.7 127.8 l 22.25 127.7 c f #6d5ea0 1 m 22.25 34.5 l 22.25 34.2 q 22.2 34.05 22.2 34 q 22.15 33.85 22.25 34.5 c f #6d5ea0 1 m 24.5 -38.2 q 22.45 -43.45 21.7 -42.35 q 21.65 -41.9 21.45 -42.9 q 21.25 -43.8 21.2 -42.7 l 21.65 -40.75 q 21.45 -41.05 21.15 -39.7 q 21.3 -39.45 21.6 -40.4 q 21.85 -41.25 22.15 -39.95 q 22.3 -39.45 22.35 -37.05 q 22.35 -38 22.5 -37.35 q 22.55 -37.3 22.8 -35.9 q 22.8 -32.75 22.6 -32.15 q 22.75 -31.85 22.75 -30.35 l 22.65 -30.3 q 22.75 -29.5 22.75 -29.95 q 22.8 -30.6 22.85 -30.45 q 22.9 -29.9 22.85 -28.45 q 22.8 -26.8 22.8 -26 q 22.75 -27.4 22.4 -30.4 q 22.3 -28.45 22 -29.55 q 21.85 -30.15 21.5 -31.6 q 21.95 -28.1 22.2 -26.05 q 22.05 -24.45 21.7 -25.3 q 21.45 -25.75 21.4 -26.15 q 21.95 -22.15 22.1 -20.95 q 21.85 -21.75 21.55 -22.5 q 21.3 -23.1 21.1 -23.9 q 20.95 -22.7 21.1 -21.95 q 21.3 -21.2 21.4 -20.8 q 21.3 -22 21.35 -22.3 q 21.4 -21 21.75 -20.45 q 22.35 -19.6 22.4 -19.35 q 22.3 -17.35 22.2 -16.4 q 22.1 -14.95 21.9 -14.85 l 22.3 -14.85 q 22.4 -13.7 22.25 -13.6 q 22.05 -13.75 21.95 -13.6 q 22.3 -13.3 22.45 -13 q 22.75 -12.55 22.85 -10.6 q 22.5 -10.85 22.55 -9.35 q 22.55 -7.75 22.25 -7.8 q 22.3 -7.15 22.5 -5.95 q 22.7 -4.95 22.7 -4.1 q 22.45 -2.9 22.1 -4.7 q 21.75 -6.45 21.85 -7.35 q 21.8 -8.6 21.95 -8.1 q 22.1 -7.65 22.1 -7.95 l 21.85 -10 q 21.55 -6.65 21.4 -6.85 q 21.45 -5.85 21.6 -6.6 q 21.75 -7.45 21.85 -6.25 l 21.75 -4.85 q 21.85 -3.8 22.05 -3.85 q 22.25 -3.95 22.35 -2.35 q 22.2 -3.25 22.2 -1.5 q 22.25 0.85 22 0.75 q 22.3 0.8 22.4 3.55 q 22.5 6.45 22.7 6.7 l 22.8 5.15 l 22.55 5.5 q 22.3 2.35 22.35 0.55 q 22.45 1.25 22.7 1.05 q 22.9 0.85 23.05 1.65 q 23.3 3.5 23.05 3.3 q 22.75 2.75 22.75 2.95 l 23.15 5.35 l 23.35 3.7 q 23.55 6.45 23.65 10.8 q 23.5 12.85 23.35 12.4 q 23.15 11.85 23.05 13.15 q 23.05 13.25 23.25 14.25 q 23.35 14.75 23.35 15.8 q 23.45 15.25 23.35 14.55 q 23.25 13.6 23.25 13.45 q 23.45 13 23.55 14.7 q 23.7 16.5 23.85 16.45 q 23.7 17.35 23.4 16.45 q 23.85 21.7 23.25 23.4 l 23.7 24.65 q 23.7 26.35 23.6 26.35 q 23.55 26.3 23.45 25.4 q 23.15 23.35 23.05 25.5 q 23.05 28.55 23.35 29.75 l 23.3 28.2 q 23.45 28.8 23.65 29.4 q 23.85 30 23.95 31.15 q 23.95 31.6 23.85 32.15 q 23.8 32.45 23.95 33.35 q 23.85 35.9 23.5 35.4 q 23.25 34.8 23.1 34.45 q 23.15 34.9 23.2 35.5 q 23.3 37.65 23.45 37.85 q 23.15 37.9 23 37 q 23.25 35.35 22.95 35.2 q 22.8 35.15 22.95 34.75 l 22.95 34.15 q 22.85 34.05 22.85 34 q 22.75 35.35 22.5 34.9 l 22.75 35.9 l 22.35 36.75 q 22.35 37.2 22.5 38.1 q 22.6 38.75 22.5 39.05 q 22.4 39.7 22.05 39 q 21.85 38.5 21.85 40.6 q 21.85 42.75 22.2 44.3 q 22.5 45.9 22.5 47.1 q 22.55 46.95 22.55 45.3 q 22.65 45.65 22.8 45.45 q 22.95 45.3 23.05 46.1 q 22.65 47 22.9 52.05 q 22.75 51.75 22.6 52.15 q 22.45 52.55 22.4 52.2 q 22.5 54.15 22.7 54.8 q 22.8 52.6 23 54.85 q 23.3 57.4 23.4 55.65 q 23.45 57.8 23.3 59.35 q 23.25 60.2 23.05 62 q 22.9 60.95 22.85 60.35 q 22.7 59.25 22.65 61.1 q 22.9 62.95 23.15 62.45 q 23.45 61.9 23.7 63.2 l 23.75 60.95 q 24.05 60.75 24.1 62.85 q 24.1 63.95 24.1 65.4 q 24.1 65.95 23.95 65.15 q 23.8 64.1 23.65 64.85 q 23.65 65.85 23.75 67.35 q 23.9 68.6 23.8 69.25 q 23.6 68.8 23.25 67.35 q 23.35 69.85 23.1 69.5 q 22.85 69.05 22.8 70.8 q 22.85 71.2 23 71.7 q 23.15 72.05 23.1 73.15 q 23.4 72.15 23.45 71.85 q 23.5 71.2 23.45 69.1 q 23.75 69.65 23.7 71.75 q 23.65 74.3 23.8 75.25 l 23.8 72.85 q 24 72.75 24.25 72.5 q 24.4 72.5 24.65 73.6 q 24.6 73 24.3 71.05 q 24.05 69.55 24.05 67.9 q 24.25 67.5 24.5 69.35 q 24.75 71.4 25.05 71.4 q 25.45 73.35 25.05 77.85 q 25.2 78.9 25.55 82.2 q 25.85 84.9 26.15 86.1 q 26.1 87.05 26.35 90.8 q 26.65 94.85 26.6 96.85 q 26.5 97.1 26.45 99.05 q 26.4 100.4 26.25 99.15 q 26.45 102.6 26.65 101.8 q 26.6 101.65 26.6 100.45 l 26.9 101 q 26.9 101.85 27.05 103.85 q 27.25 105.65 27.15 106.6 q 27.05 106.9 26.9 105.35 q 26.8 103.9 26.65 104.5 q 27 105.75 27.25 109.65 q 27.5 113.45 27.4 115.2 q 27.4 116.05 27.2 116.65 q 27 117.25 27 117.45 l 27.1 119.9 l 26.7 120.7 q 26.7 121 26.85 123.45 q 26.8 125.25 26.5 125.05 q 26.35 124.7 26.3 124.5 l 26.05 123.35 l 26.15 121.55 q 26 120.05 25.95 119.55 q 25.85 118.75 25.65 119.45 q 25.7 120 25.8 120.25 q 25.85 120.4 25.95 120.65 l 25.75 121.7 l 26.2 124.95 q 26.3 125.2 26.35 125.1 q 26.25 125.75 26.35 127.15 q 25.45 127.15 25.05 127.05 q 25.4 127.15 25.35 127.3 q 25.2 127.45 25.3 127.55 l 26.7 127.6 l 24.3 127.8 l 24.2 127.8 q 24.55 128.05 23.9 128.2 l 22 128.45 l 15.85 128.75 q 14.85 128.6 14.35 128.5 q 13.45 128.35 12.2 128.5 q 13.1 128.65 12.95 128.75 q 12.8 128.8 11.9 128.95 q 9.3 129.35 9.05 129.45 q 7.8 129.4 6.8 129.45 q 6.7 127.8 6.9 126.8 l 6.95 129.3 q 8.7 129.2 9.05 129.05 q 9.15 128.75 9.4 128.6 q 9.85 128.35 11.3 128.25 q 9.75 128.15 9.3 128.3 q 8.5 128.55 8.15 128.6 l 9.2 128.55 q 8.95 128.6 9 128.75 q 9 128.85 8.5 128.85 l 7.45 128.8 q 7.5 127.9 7.8 125.6 l 7.95 125.05 l 8.3 122.75 q 8.15 123.2 8.05 122.55 q 7.95 122 7.95 121.4 q 8.1 119.9 8.4 120.15 q 8.75 120.5 8.95 119.75 q 8.85 119.3 8.8 118.05 q 8.75 117.2 8.65 117.5 q 8.65 116.9 8.7 116.75 q 8.8 116.5 8.85 116.2 q 8.55 115.1 8.6 113.15 q 8.85 113.5 8.75 114.95 q 8.85 113.8 9.1 113.35 q 9.35 112.9 9.5 113.45 l 9.3 116.1 q 9.4 116.75 9.5 115.35 q 9.6 113.7 9.7 113.75 q 9.75 114.9 9.6 116.55 q 9.8 116.1 9.75 114.6 q 9.7 112.85 9.7 112.15 q 9.75 110.8 9.95 110.65 q 10.15 110.8 10.2 110.75 q 10 108.9 9.75 111.1 q 9.45 113.2 9.3 111.55 q 9.1 110.75 9.1 108.55 q 9.15 105.9 9.15 104.75 q 8.65 106.9 8.55 102.15 q 8.5 103.5 8.3 104.15 q 8.15 104.6 8.25 106.55 l 7.95 106.6 l 8.25 101.75 q 8.25 101.85 8.35 101.9 q 8.35 101.9 8.4 102.1 l 8.4 97.65 l 8.6 98.1 q 9 91.85 8.95 90.2 q 8.95 91.25 8.8 91.8 q 8.65 92.3 8.6 91.25 q 8.4 89.5 8.45 87.65 q 8.6 87.4 8.85 85.05 q 9 83.5 9.15 85.25 q 9 83.25 8.95 80.5 l 8.95 81.5 q 8.9 81.55 8.45 81 q 8.15 80.7 8.05 82.1 q 8 80.85 7.7 80.05 q 7.4 79.3 7.45 77.25 q 7.6 76.1 7.8 77.15 q 8 78.2 8 79.85 q 8.15 77.25 8.05 76.7 q 8.15 76.2 8.3 77.25 q 8.3 77.05 8.3 76.8 q 8.2 75.15 8.5 74.15 q 8.75 73.15 8.7 71.65 q 8.7 72.25 8.65 72.75 q 8.55 73.3 8.5 72.7 q 8.55 70.4 8.45 69.6 q 8.25 68.6 8.25 67.35 q 8.35 66.85 8.85 65.9 q 9.15 65.25 9.25 63.7 l 9.2 65.2 q 9.55 63.35 9.55 61.85 q 9.5 59.2 9.15 53.75 q 8.85 49.45 8.8 46.6 l 8.8 47.65 q 8.7 48 8.7 47.05 q 8.6 45.9 8.55 45.9 l 8.75 44.6 q 8.65 44.45 8.45 45.85 q 8.3 47.15 8.15 46.75 q 8.3 46.35 8.2 45.9 l 8.1 47.05 q 8.1 46.25 8.1 43.4 q 8.05 41.35 8.35 40.15 q 8.3 42.85 8.7 43.25 q 9.05 43.6 9.1 45.8 q 9.1 44.55 9.3 44.9 q 9.4 45.1 9.55 45.45 q 9.6 44.75 9.5 44.35 q 9.4 43.95 9.5 43.1 q 9.6 43.1 9.75 44.7 q 9.9 45.95 10 45.1 q 9.85 45 9.75 44.1 q 9.7 43 9.6 42.75 q 9.65 42.1 9.75 42.25 q 9.85 42.45 9.9 42.25 q 9.75 41.2 9.85 40.6 l 10 41.05 q 10.2 39.35 10.05 38.75 q 9.85 38.05 9.95 36.15 q 9.7 36.05 9.7 38.85 q 9.45 39.25 9.2 36.7 q 8.95 34 8.6 34.15 q 8.65 32.4 8.8 32.9 q 8.95 33.6 9.1 32.05 q 9.35 31.05 9.45 32.65 q 9.55 34.9 9.65 35.15 l 10 31.9 q 10.2 32.45 10.35 33.95 q 10.45 35.3 10.7 35.6 q 10.75 34.2 10.7 33.35 q 10.55 31.45 10.55 31.05 q 10.3 33.05 10.15 31.95 q 10 30.5 9.75 31.55 q 9.75 31.3 9.95 29.95 q 10 29.25 10.05 27.7 q 10.1 28.4 10.3 28.65 q 10.35 28.7 10.35 28.9 q 10.35 26.65 10.4 23.8 q 10.3 23.4 10 24.65 q 9.8 25.55 9.7 23.1 q 9.75 22.5 9.8 22.5 q 9.85 22.5 9.85 22.9 q 10 21.3 9.7 21.85 q 9.35 22.55 9.3 21.6 q 9.25 20.65 9.35 20.25 q 9.4 19.9 9.5 20.35 q 9.4 19.3 9.25 19 q 9.05 18.7 9.05 18.1 l 9 18.7 q 8.8 18.7 8.65 18.65 q 8.35 18.55 8.4 16.8 q 8.45 15.45 8.6 15.3 q 8.7 15.35 8.75 15.3 q 8.7 13.6 9 11.3 q 8.85 11.55 8.85 10.8 q 8.85 9.15 9.05 8.85 q 9.3 8.4 9.3 8.2 q 9.4 6.3 9.05 6.4 q 8.65 6.45 8.7 4.5 l 8.45 9.35 q 8.05 8.8 8.05 10.15 q 8.25 10.25 8.35 11.35 q 8.45 12.5 8.35 13.8 q 8.25 14 8.1 12.05 q 7.95 10.45 7.75 12.05 q 7.8 9.6 7.85 8.3 q 8 8.95 8.1 7 q 8.2 5.3 8.35 6.45 q 8.35 4.25 8.5 0.5 q 8.6 -2.2 8.55 -5.1 q 8.75 -4.65 8.9 -2.7 q 9.1 -0.45 8.95 1.35 l 8.75 1.55 q 8.8 3.25 8.95 1.6 q 9.15 -0.75 9.3 -0.45 q 9.1 -2.7 9.4 -7.2 q 9.75 -12.5 9.75 -14.65 q 9.65 -14.1 9.55 -14.4 q 9.5 -14.55 9.35 -15 q 9.3 -12.65 9.15 -11.8 q 8.95 -12.1 8.9 -13.95 q 8.8 -14.25 8.8 -13.3 q 8.75 -12.05 8.7 -11.7 q 8.65 -13.1 8.4 -14.6 q 8.65 -15.65 9 -16.35 q 9.1 -18.8 8.95 -20.75 q 8.8 -22.45 8.85 -24.15 q 8.85 -23.45 9 -23.85 q 9.05 -24.05 9.05 -23.95 l 9.1 -24.4 q 9.15 -23.75 9.35 -18.7 q 9.45 -15.55 9.8 -15.9 q 9.8 -17.15 9.7 -19.7 q 9.6 -22.1 9.65 -23.9 l 9.75 -23.75 q 9.8 -25.1 9.7 -24.7 q 9.55 -24.1 9.5 -24.3 q 9.45 -25.6 9.75 -27.25 q 10 -28.65 9.8 -29.6 l 9.65 -26.85 q 9.55 -27.9 9.5 -27.4 q 9.4 -26.5 9.2 -26.75 q 9.1 -28.65 9.2 -33.8 q 9.35 -39.45 9.25 -42 q 8.95 -40.25 8.9 -38.1 q 8.65 -38.55 8.45 -39.15 q 8.3 -39.45 8 -38.85 l 7.9 -36.45 l 7.45 -36.45 l 7.55 -38.3 q 7.4 -38.45 7.5 -40.25 q 7.6 -42 7.45 -42.1 l 7.45 -40.1 q 7.25 -39.5 7.25 -40.6 q 7.2 -41.2 7.2 -42.9 q 7 -42.1 7 -39.85 q 7.05 -35.7 7.05 -35.6 l 7.35 -34.7 q 7.55 -34.05 7.6 -35.75 q 8 -35.65 7.85 -32.9 q 7.85 -33 7.5 -32.35 q 7.3 -32 7.25 -32.6 q 7.25 -31.9 7.25 -31.5 q 7.2 -30.75 7.2 -29.45 q 7.15 -29.6 7 -27.2 q 6.9 -24.75 6.65 -24.95 q 6.9 -24.5 7 -24.25 q 7.25 -23.7 7.2 -21.75 q 7.3 -22 7.6 -23.95 q 7.7 -25.05 7.85 -23.9 l 7.75 -25.3 q 7.85 -26.3 8 -26.15 q 8.15 -26.05 8.25 -27.6 q 8.35 -25 8.1 -24.6 q 8.45 -25 8.5 -22.7 q 8.55 -20.15 8.75 -20.1 q 8.5 -19.3 8.5 -17 l 8.25 -16.9 q 8.15 -16.85 8.1 -17.6 q 8.2 -20.05 8.3 -20.5 q 7.9 -20.15 7.85 -17.85 q 7.75 -13.8 7.75 -13.7 l 7.85 -13.95 q 7.9 -13.9 7.95 -13.4 q 7.8 -11.3 7.7 -10.35 q 7.5 -8.6 7.35 -9.25 l 7.2 -1 q 7.15 -1 7.15 -2.7 l 7 1.9 q 6.85 2.5 6.8 1.45 q 6.75 0.05 6.65 -0.15 l 6.6 3.2 l 6.4 2.7 q 6.5 3.45 6.45 5.45 q 6.35 7.65 6.15 8.25 q 6.15 9.55 6.4 12.05 q 6.6 14 6.35 16.75 q 6.2 16.65 6.2 15.15 q 6.2 13.25 6.15 12.8 q 6.1 13.15 6.05 15.2 q 6 16.9 5.85 17.2 q 5.9 19.25 6.25 20.3 q 6.7 21.75 6.75 22.05 q 6.7 23.85 6.6 23.35 q 6.45 22.45 6.4 22.5 q 6.4 22.7 6.55 24.05 q 6.7 25.05 6.45 25.5 q 6.6 26.7 6.75 26.85 q 6.9 27.05 7.05 25.65 q 6.95 29 7.2 29.7 q 6.9 29.05 6.85 30.2 q 6.75 31.6 6.6 31.65 q 6.15 38.8 6.65 41.25 l 6.15 40.6 l 6.1 43.3 q 5.85 44.75 5.85 39.55 q 5.7 43.25 5.6 49 q 5.7 48.45 5.8 48.4 q 5.95 48.3 6 48.15 q 6.1 48.85 6.05 50.1 q 6.05 50.75 6 52.05 q 5.75 52.45 5.75 51.55 l 5.75 53.55 q 5.5 53.7 5.45 53.65 q 5.35 53.6 5.3 52.2 l 5.3 54.3 q 5.2 55.75 5.1 55.05 q 5 53.9 4.95 53.6 l 4.8 57.3 q 4.85 57.8 5 57.75 q 5.1 57.65 5.15 59.05 q 4.9 61.1 4.8 64.65 l 4.55 70.6 l 4.95 67.9 q 4.85 69.3 5.1 69.8 q 5.25 70.05 5.5 70.5 q 5.2 76.9 5.15 77.3 q 5 75.85 4.75 76.15 q 4.55 76.45 4.3 78 q 4.2 80.55 4.45 81.6 q 4.8 83.05 4.85 83.7 q 4.5 82.65 4.45 84.45 q 4.35 86.5 4.2 86.3 q 4.1 91.8 4 103.05 l 4.15 102.3 q 4.25 101.75 4.3 102.35 q 4.3 104.9 3.9 105.7 q 3.9 109.15 4.2 110.85 q 4.2 109.55 4.45 109.8 q 4.45 110.9 4.25 112.1 q 4.1 112.9 4.25 114.35 q 4.05 114.7 4.05 113.2 q 3.95 111.6 3.8 111.7 q 3.75 113.9 3.95 117.35 q 3.8 117.55 3.85 116.85 q 3.85 116.45 3.75 117.05 l 3.85 130.2 l 3.55 131.65 l 3.5 132.65 q 7.4 132.65 9.05 132.45 q 11 132.55 8.55 132.65 l 12.1 132.65 q 12.45 132.6 13.05 132.6 q 14.25 132.55 16 132.45 q 15.85 132.55 15.2 132.55 q 14.4 132.55 14.25 132.6 q 15.45 132.65 19 132.45 q 21.85 132.3 22.95 132.5 q 22.75 132.5 22.4 132.55 l 31.8 132.45 l 31.4 122.75 q 31.5 120.5 31.2 119.85 q 30.9 119.1 30.85 117 q 31.3 116.95 31.05 113.8 q 30.8 109.65 30.8 109.25 l 30.7 109.85 q 30.3 107.35 30.7 103.25 q 30.6 95.85 30.1 91.95 l 30.3 92.55 q 30.15 91.15 30.1 89.05 q 30.05 86.8 29.95 85.55 q 30 85.6 30.05 86 q 30.1 86.25 30.15 85.6 q 30.05 78.5 29.55 66.15 q 29 52.05 28.85 46.75 q 27.8 -4.4 26.35 -32.7 l 24.5 -38.2 c
f #6d5ea0 1 m 22.2 48.2 l 22 48.6 q 22.2 49.3 22.25 50.35 l 22.4 49.5 q 22.35 48.2 22.2 48.2 c
f #6d5ea0 1 m 24.85 74.35 q 25.1 74.7 24.95 72.1 l 24.7 73.65 l 24.85 74.35 c
f #6d5ea0 1 m 8.2 -40.05 q 8.1 -40.4 8.05 -41.35 q 7.95 -42.25 7.85 -42.3 l 7.65 -39.15 q 7.95 -41.05 8.2 -40.05 c
f #fff 1 m 23.9 -42.8 l 11.6 -42.8 l 6.85 129.4 l 28.65 129.4 l 23.9 -42.8 c
f #5a4a92 0.4 m 40.75 140.8 l 43.05 138.3 l 47.15 139.15 l 48.85 136.1 l 49 128.25 l 46.2 126 l 45.55 123.45 l 44.15 120.05 l 40.75 120.45 l 37.7 121.45 l 34.6 120.3 l 28.5 120.15 l 25.4 119.65 l 22.35 121.35 l 16.2 121.7 l 13.15 121.15 l 10.05 120.1 l 7 122.15 l 3.95 120.4 l 0.85 121.45 l -2.2 121.85 l -5.25 119.85 l -8.55 120.35 l -10 123.5 l -10.8 125.95 l -14.45 128.25 l -12.4 132.75 l -13.45 136.15 l -11.55 139.05 l -8.65 140.9 l -5.25 140.65 l -2.2 141.8 l 0.9 139.6 l 3.95 140.95 l 7.05 138.7 l 10.1 141.7 l 13.15 138.45 l 16.25 139.25 l 19.3 138.45 l 22.35 138.55 l 25.45 140.85 l 28.5 138.65 l 34.65 138.75 l 37.7 141.05 l 40.75 140.8 c