f #fff 1 m 89.3 13.2 q 89.25 11.25 87.85 9.95 l 78.65 1.3 q 77.2 0 75.3 0.05 q 73.35 0.1 72.05 1.5 l 43.8 31.45 l 17.05 5.45 q 15.65 4.1 13.75 4.15 q 11.8 4.15 10.45 5.55 l 1.65 14.6 q 0.3 16 0.35 17.9 q 0.35 19.85 1.75 21.2 l 28.75 47.4 l 1.25 76.5 q -0.05 77.9 0 79.85 q 0.05 81.8 1.45 83.1 l 10.65 91.75 q 12.1 93.05 14 93 q 15.95 92.95 17.25 91.55 l 44.5 62.7 l 73.25 90.7 q 74.65 92.05 76.6 92 q 78.55 92 79.85 90.6 l 88.7 81.55 q 90.05 80.15 90 78.25 q 90 76.3 88.6 74.95 l 59.55 46.75 l 88.05 16.55 q 89.35 15.15 89.3 13.2 c
f #29338c 1 m 70.65 -70.7 q 56.8 -84.55 38.85 -92.15 q 20.3 -100.05 0 -100.05 q -20.3 -100.05 -38.9 -92.15 q -56.85 -84.55 -70.7 -70.7 q -84.55 -56.85 -92.15 -38.9 q -100 -20.3 -100 0 q -100 20.3 -92.15 38.85 q -84.55 56.8 -70.7 70.65 q -56.85 84.5 -38.9 92.1 q -20.3 100 0 100 q 20.3 100 38.85 92.1 q 56.8 84.5 70.65 70.65 q 84.5 56.8 92.1 38.85 q 100 20.3 100 0 q 100 -20.3 92.1 -38.9 q 84.5 -56.85 70.65 -70.7 m 0 -96.4 q 19.6 -96.4 37.5 -88.85 q 54.8 -81.5 68.15 -68.15 q 81.45 -54.8 88.8 -37.55 q 96.35 -19.6 96.35 0 q 96.35 19.6 88.8 37.5 q 81.45 54.8 68.15 68.15 q 54.8 81.45 37.5 88.8 q 19.6 96.35 0 96.35 q -19.6 96.35 -37.55 88.8 q -54.8 81.45 -68.15 68.15 q -81.5 54.8 -88.85 37.5 q -96.4 19.6 -96.4 0 q -96.4 -19.6 -88.85 -37.55 q -81.5 -54.8 -68.15 -68.15 q -54.8 -81.5 -37.55 -88.85 q -19.6 -96.4 0 -96.4 h c
f #61579c 1 m 37.5 -88.85 q 19.6 -96.4 0 -96.4 q -19.6 -96.4 -37.55 -88.85 q -54.8 -81.5 -68.15 -68.15 q -81.5 -54.85 -88.85 -37.55 q -96.4 -19.65 -96.4 -0.05 q -96.4 19.55 -88.85 37.5 q -81.5 54.8 -68.15 68.1 q -54.85 81.45 -37.55 88.8 q -19.6 96.35 0 96.35 q 19.6 96.35 37.5 88.8 q 54.8 81.45 68.15 68.1 q 81.45 54.8 88.8 37.5 q 96.35 19.55 96.35 -0.05 q 96.35 -19.65 88.8 -37.55 q 81.45 -54.85 68.15 -68.15 q 54.8 -81.5 37.5 -88.85 c
f #5a62ab 1 m 70.65 -70.7 q 56.8 -84.55 38.85 -92.15 q 20.3 -100.05 0 -100.05 q -20.3 -100.05 -38.9 -92.15 q -56.85 -84.55 -70.7 -70.7 q -84.55 -56.85 -92.15 -38.9 q -100 -20.3 -100 0 q -100 20.3 -92.15 38.85 q -84.55 56.8 -70.7 70.65 q -56.85 84.5 -38.9 92.1 q -20.3 100 0 100 q 20.3 100 38.85 92.1 q 56.8 84.5 70.65 70.65 q 84.5 56.8 92.1 38.85 q 100 20.3 100 0 q 100 -20.3 92.1 -38.9 q 84.5 -56.85 70.65 -70.7 m 0 -96.4 q 19.6 -96.4 37.5 -88.85 q 54.8 -81.5 68.15 -68.15 q 81.45 -54.8 88.8 -37.55 q 96.35 -19.6 96.35 0 q 96.35 19.6 88.8 37.5 q 81.45 54.8 68.15 68.15 q 54.8 81.45 37.5 88.8 q 19.6 96.35 0 96.35 q -19.6 96.35 -37.55 88.8 q -54.8 81.45 -68.15 68.15 q -81.5 54.8 -88.85 37.5 q -96.4 19.6 -96.4 0 q -96.4 -19.6 -88.85 -37.55 q -81.5 -54.8 -68.15 -68.15 q -54.8 -81.5 -37.55 -88.85 q -19.6 -96.4 0 -96.4 h c
f #7979cb 1 m 37.5 -88.85 q 19.6 -96.4 0 -96.4 q -19.6 -96.4 -37.55 -88.85 q -54.8 -81.5 -68.15 -68.15 q -81.5 -54.85 -88.85 -37.55 q -96.4 -19.65 -96.4 -0.05 q -96.4 19.55 -88.85 37.5 q -81.5 54.8 -68.15 68.1 q -54.85 81.45 -37.55 88.8 q -19.6 96.35 0 96.35 q 19.6 96.35 37.5 88.8 q 54.8 81.45 68.15 68.1 q 81.45 54.8 88.8 37.5 q 96.35 19.55 96.35 -0.05 q 96.35 -19.65 88.8 -37.55 q 81.45 -54.85 68.15 -68.15 q 54.8 -81.5 37.5 -88.85 c
f #0a1046 1 m 70.65 -70.7 q 56.8 -84.55 38.85 -92.15 q 20.3 -100.05 0 -100.05 q -20.3 -100.05 -38.9 -92.15 q -56.85 -84.55 -70.7 -70.7 q -84.55 -56.85 -92.15 -38.9 q -100 -20.3 -100 0 q -100 20.3 -92.15 38.85 q -84.55 56.8 -70.7 70.65 q -56.85 84.5 -38.9 92.1 q -20.3 100 0 100 q 20.3 100 38.85 92.1 q 56.8 84.5 70.65 70.65 q 84.5 56.8 92.1 38.85 q 100 20.3 100 0 q 100 -20.3 92.1 -38.9 q 84.5 -56.85 70.65 -70.7 m 0 -96.4 q 19.6 -96.4 37.5 -88.85 q 54.8 -81.5 68.15 -68.15 q 81.45 -54.8 88.8 -37.55 q 96.35 -19.6 96.35 0 q 96.35 19.6 88.8 37.5 q 81.45 54.8 68.15 68.15 q 54.8 81.45 37.5 88.8 q 19.6 96.35 0 96.35 q -19.6 96.35 -37.55 88.8 q -54.8 81.45 -68.15 68.15 q -81.5 54.8 -88.85 37.5 q -96.4 19.6 -96.4 0 q -96.4 -19.6 -88.85 -37.55 q -81.5 -54.8 -68.15 -68.15 q -54.8 -81.5 -37.55 -88.85 q -19.6 -96.4 0 -96.4 h c
f #3d3380 1 m 37.5 -88.85 q 19.6 -96.4 0 -96.4 q -19.6 -96.4 -37.55 -88.85 q -54.8 -81.5 -68.15 -68.15 q -81.5 -54.85 -88.85 -37.55 q -96.4 -19.65 -96.4 -0.05 q -96.4 19.55 -88.85 37.5 q -81.5 54.8 -68.15 68.1 q -54.85 81.45 -37.55 88.8 q -19.6 96.35 0 96.35 q 19.6 96.35 37.5 88.8 q 54.8 81.45 68.15 68.1 q 81.45 54.8 88.8 37.5 q 96.35 19.55 96.35 -0.05 q 96.35 -19.65 88.8 -37.55 q 81.45 -54.85 68.15 -68.15 q 54.8 -81.5 37.5 -88.85 c
f #5e5e5e 1 m 70.7 -70.75 q 56.7 -84.65 38.9 -92.15 q 20.3 -100.05 0 -100.05 q -20.35 -100.05 -38.95 -92.15 q -56.75 -84.65 -70.75 -70.75 q -84.65 -56.75 -92.15 -38.95 q -100 -20.5 -100 -0.05 q -100 20.45 -92.15 38.9 q -84.65 56.7 -70.75 70.7 q -56.75 84.6 -38.95 92.1 q -20.35 100 0 100 q 20.3 100 38.9 92.1 q 56.7 84.6 70.7 70.7 q 84.6 56.7 92.1 38.9 q 100 20.3 100 -0.05 q 100 -20.35 92.1 -38.95 q 84.6 -56.75 70.7 -70.75 m 0 -96.4 q 19.6 -96.4 37.5 -88.85 q 54.8 -81.5 68.15 -68.15 q 81.45 -54.85 88.8 -37.55 q 96.35 -19.65 96.35 -0.05 q 96.35 19.55 88.8 37.5 q 81.45 54.8 68.15 68.1 q 54.8 81.45 37.5 88.8 q 19.6 96.35 0 96.35 q -19.6 96.35 -37.55 88.8 q -54.85 81.45 -68.15 68.1 q -81.5 54.8 -88.85 37.5 q -96.4 19.55 -96.4 -0.05 q -96.4 -19.65 -88.85 -37.55 q -81.5 -54.85 -68.15 -68.15 q -54.8 -81.5 -37.55 -88.85 q -19.6 -96.4 0 -96.4 h c
f #949494 1 m 37.5 -88.85 q 19.6 -96.4 0 -96.4 q -19.6 -96.4 -37.55 -88.85 q -54.8 -81.5 -68.15 -68.15 q -81.5 -54.85 -88.85 -37.55 q -96.4 -19.65 -96.4 -0.05 q -96.4 19.55 -88.85 37.5 q -81.5 54.8 -68.15 68.1 q -54.85 81.45 -37.55 88.8 q -19.6 96.35 0 96.35 q 19.6 96.35 37.5 88.8 q 54.8 81.45 68.15 68.1 q 81.45 54.8 88.8 37.5 q 96.35 19.55 96.35 -0.05 q 96.35 -19.65 88.8 -37.55 q 81.45 -54.85 68.15 -68.15 q 54.8 -81.5 37.5 -88.85 c
f #6161c2 0.74902 m 1508.8 836.3 l 1508.8 949.35 l 2149.15 949.35 l 2149.15 836.3 l 1508.8 836.3 c
f #61579c 1 m 1496.75 823.85 l 1483.5 823.85 l 1483.5 1259.85 l 1494.5 1259.85 l 1494.5 1271.35 l 2154.85 1271.35 l 2154.85 1259.7 l 2163.1 1259.7 l 2163.1 1241.45 l 2174.5 1241.45 l 2174.5 811 l 1496.75 811 l 1496.75 823.85 c
f #000 0.298039 m 1498.25 832.5 l 1485 832.5 l 1485 1266.55 l 1495.95 1266.55 l 1495.95 1278 l 2153.4 1278 l 2153.4 1266.4 l 2161.6 1266.4 l 2161.6 1248.25 l 2172.95 1248.25 l 2172.95 819.65 l 1498.25 819.65 l 1498.25 832.5 c
f #000 0.6 m 1536 768 l 1536 0 l 0 0 l 0 768 l 1536 768 c
f #abcbd6 1 m 2.3 -85.75 q 2.3 -84.5 1.5 -83.7 q -0.5 -81.95 -2.7 -82.1 q -4.25 -82.25 -6.7 -83.55 q -5.7 -82.7 -3.75 -81.8 q -1.65 -80.8 -0.6 -80.8 q 0.8 -80.8 1.75 -81.8 q 2.75 -82.75 2.75 -84.15 q 2.75 -84.95 2.3 -85.75 c
f #fff 1 m 1.75 -81.8 q 2.75 -82.75 2.75 -84.15 q 2.75 -85.55 1.75 -86.5 q 0.8 -87.5 -0.6 -87.5 q -1.95 -87.5 -4.6 -86.1 q -7.2 -84.75 -7.2 -84.15 q -7.2 -83.55 -4.6 -82.2 q -1.95 -80.8 -0.6 -80.8 q 0.8 -80.8 1.75 -81.8 c
f #fff 1 m 3.2 -80.25 l 3.2 -88.3 l -4.4 -87.85 l -4.4 -80.5 l 3.2 -80.25 c
f #abcbd6 1 m 14.1 -80.35 l 14.1 -87.35 l 3.2 -88.3 l -4.4 -87.85 l -4.4 -80.5 l 14.1 -80.35 c
f #abcbd6 1 m 1.5 -81.8 l 1.45 -78.55 l 7.8 -77.7 l 7.7 -81.8 l 1.5 -81.8 c
f #fff 1 m 7.65 -84.25 l 1.55 -84.25 l 0.1 -3.7 l 9.15 -3.7 l 7.65 -84.25 c
f #000 0.2 m 14.1 -3.7 q 14.1 -5.2 11.3 -6.25 q 8.55 -7.35 4.6 -7.35 q 0.7 -7.35 -2.05 -6.25 q -4.85 -5.2 -4.85 -3.7 q -4.85 -2.15 -2.05 -1.1 q 0.7 0 4.6 0 q 8.55 0 11.3 -1.1 q 14.1 -2.15 14.1 -3.7 c
f #adcf72 1 m -52.15 66.3 q -58.15 68.8 -58.15 72.3 q -58.15 75.8 -52.15 78.3 q -46.15 80.8 -37.65 80.8 q -29.15 80.8 -23.15 78.3 q -17.15 75.8 -17.15 72.3 q -17.15 68.8 -23.15 66.3 q -29.15 63.8 -37.65 63.8 q -46.15 63.8 -52.15 66.3 c f #adcf72 1 m 62.3 43.65 q 56.3 41.15 47.8 41.15 q 39.3 41.15 33.3 43.65 q 27.3 46.15 27.3 49.65 q 27.3 53.15 33.3 55.65 q 39.3 58.15 47.8 58.15 q 56.3 58.15 62.3 55.65 q 68.3 53.15 68.3 49.65 q 68.3 46.15 62.3 43.65 c
f #3f6 0 m -142.45 -240.85 l -142.45 240.85 l 142.45 240.85 l 142.45 -240.85 l -142.45 -240.85 c
f #414141 0.2 m 173.7 182 l 173.7 172.75 l 1.35 172.75 l 1.35 182 l 173.7 182 c
f #ff0 1 m 21.4 -101.1 q 13.2 -104.35 7.65 -102.35 q -20.65 -103.55 -37.9 -84.85 q -45.1 -77 -49.05 -66.8 q -52.7 -57.25 -52.7 -47.7 q -52.7 -39.35 -49.65 -28.75 q -46.35 -17.4 -42.6 -15.35 q -54.3 -14.1 -71.25 -13.25 q -84.95 -12.55 -89.4 -11.7 q -96.25 -10.5 -98.95 -7.1 q -101.7 -3.6 -101.7 4.35 q -101.7 10.4 -96.75 16.45 q -94.3 19.25 -93.4 20.35 q -91.85 22.1 -91.85 22.85 q -91.85 30.35 -93.65 52.95 q -95.5 75.5 -95.5 76.55 q -95.5 87.1 -93.95 91.5 q -92.1 96.8 -86.4 99 q -80.95 101.1 -68.5 101.65 q -61.15 101.95 -35.8 101.95 q -15.15 101.95 50.9 100.8 q 55 100.8 63.25 101.9 q 71.5 102.95 71.65 102.95 q 87.5 102.95 91.9 95 q 94.1 91 93.15 86.9 l 92.8 28.15 q 98.85 20.55 99.75 19 q 101.7 15.5 101.7 10.05 q 101.7 -2.7 94.6 -7.95 q 85.5 -14.7 60.4 -14.7 l 45.8 -14.35 q 48.4 -17.5 51.6 -25.1 q 56.2 -36 56.2 -45.4 q 56.2 -59.1 50.65 -71.4 q 45.8 -82.2 37.4 -90.35 q 29.75 -97.8 21.4 -101.1 c
f #ff0 1 m 47.35 -25.15 q 53.25 -35.45 53.25 -47.1 q 53.25 -64.9 41.9 -77.8 q 28.4 -93.05 -0.1 -100.1 q -8.3 -100.55 -17.45 -97.3 q -26.85 -93.95 -34.65 -87.6 q -53.1 -72.5 -53.1 -50.15 q -53.1 -36.3 -47.5 -24.55 q -43.3 -15.7 -37.8 -11.1 q -38.2 -11.1 -46.8 -11.85 q -56.25 -12.65 -61 -12.65 q -83.8 -12.65 -94 -5.4 q -102.75 0.8 -102.75 12.8 q -102.75 16.95 -98.35 24.8 q -94 32.65 -94 39.1 q -94 42.2 -95.3 55.4 q -96.6 68.6 -96.6 72.05 q -96.6 81.1 -91.15 87.45 q -85.05 94.6 -73.5 96.35 q -68.2 97.15 -16.6 96.9 q 33.75 96.6 48.95 99.6 q 51.6 100.1 61 102.25 q 67.35 103.7 68.95 103.7 q 78.5 103.7 86.75 98.1 q 94.25 93.05 94.7 88.3 q 95.75 78.5 95.85 57.85 q 95.95 37.45 96.45 33.25 q 96.7 30.95 99.95 23.7 q 102.95 16.9 102.95 13.6 q 102.95 -1 91.75 -6.35 q 80.65 -11.65 50.45 -11.65 q 46 -11.65 35.4 -11.3 q 42.6 -16.9 47.35 -25.15 c
f #ff0 1 m 54.3 -36.35 q 55.9 -41.45 55.9 -46.5 q 55.9 -59.75 45.85 -72.65 q 32.75 -89.35 5.3 -101.1 q -7.75 -102.55 -20.3 -97.6 q -31.6 -93.15 -40.95 -84.25 q -49.6 -76 -54.7 -65.8 q -59.7 -55.8 -59.7 -47.1 q -59.7 -38.35 -55.25 -27.7 q -49.65 -14.45 -40.45 -9.2 q -47.45 -9.6 -61.55 -11.2 q -68.55 -12 -74.75 -12.75 q -84.35 -12.75 -92.7 -5.95 q -101.45 1.2 -101.45 10.15 q -101.45 14.25 -100.35 17.1 q -99.7 18.8 -97.95 21.9 q -94.5 28.9 -94.5 43.1 q -94.5 50.25 -95.15 56.9 q -95.45 60.25 -95.8 63.1 q -95.8 77.35 -95.05 81.4 q -93.65 89.05 -88.1 92.85 q -81.95 97.05 -67.8 98.75 q -54.05 100.45 -27.05 100.45 q -26.05 100.45 -7.05 99.6 q 6.5 98.45 10.8 98.45 q 25.15 98.45 36.25 99.9 q 47.3 101.35 66.4 101.35 q 74.9 101.35 79.75 99.45 q 85.75 97.05 89.35 90.85 q 97.15 77.35 97.15 36.2 q 97.15 26.5 100 19.45 q 101.45 16.3 101.95 14.9 q 102.85 12.6 102.85 10.65 q 102.85 -3.05 93.25 -10.1 q 81.05 -19.1 52.05 -19.1 l 46.3 -19 q 52.15 -29.55 54.3 -36.35 c
f #414141 0.2 m 672 190.95 l 672 181.75 l 489 181.75 l 489 190.95 l 548.2 190.95 l 548.2 194.5 l 612.75 194.5 l 612.75 190.95 l 672 190.95 c
f #ff0 1 m 13.95 -85.6 q 8 -84.8 5.75 -84.8 q -11 -87.15 -26.75 -86.15 q -58 -84.15 -59 -67.3 q -59.15 -64.3 -60 -55.3 q -60.75 -46.85 -60.75 -46.65 q -60.75 -46.95 -68.4 -47.25 q -74.9 -47.55 -76.8 -47.55 q -84.9 -47.55 -93.35 -41.3 q -104.25 -33.25 -104.25 -20 q -104.25 -14.25 -100.15 -5 q -96.05 4.25 -96.05 9 q -96.05 19.9 -97.55 34.4 q -99.05 48.85 -99.05 52.65 q -99.05 68.9 -93.4 77.2 q -86.8 86.9 -71.9 86.9 q -71.7 86.9 -59.6 85.6 q -47.5 84.3 -46.45 84.3 q -37.85 84.3 -29.9 85.15 q -21.9 85.95 -12.5 85.95 q -3.8 85.95 16.55 84.7 q 36.9 83.4 37.15 83.4 q 43.9 83.4 53.15 85.55 q 62.35 87.7 64.2 87.7 q 85 87.7 93.45 79.45 q 103.4 69.75 103.4 43.75 q 103.4 41.4 102.15 24.45 q 100.85 7.45 100.85 5.7 q 100.85 4.65 102.55 -6.25 q 104.25 -17.15 104.25 -24.1 q 104.25 -32.65 93.3 -39.35 q 81.85 -46.3 65.4 -46.65 q 67.15 -63.2 56.25 -74.25 q 44.2 -86.45 21.2 -86.45 q 19.95 -86.45 13.95 -85.6 c
f #ff0 1 m 56.2 -76.75 q 52 -80.45 43.8 -82.9 q 38.9 -84.35 22.7 -87.75 l 14.9 -87.75 l 14.9 -86.85 q 7.95 -85.85 -6.15 -85.6 q -13.45 -85.6 -26.75 -86.9 q -40.5 -86.9 -49.4 -78.3 q -58.85 -69.25 -58.85 -54.05 q -58.85 -53.35 -58.4 -50.85 q -57.95 -48.45 -57.6 -47.1 q -63.1 -47.4 -71.95 -48.1 q -84.35 -48.1 -93.05 -40.5 q -101.65 -33 -101.65 -22.55 q -101.65 -15.7 -99.65 -11.3 q -97.65 -6.85 -97.65 1 q -97.65 4.15 -101.05 28.95 q -103.95 50.5 -103.95 53.55 q -103.95 69.2 -94.95 76.3 q -85.05 84.15 -61.55 84.15 q -56.8 84.15 -47 82.65 q -38.1 81.15 -38.05 81.15 q -31.95 82.65 -23.4 84.15 q -6.2 87.1 6.7 87.1 q 10.4 87.1 27 84.5 q 43.55 81.9 51.95 81.9 q 52.55 81.9 62.35 83.95 q 72.2 85.95 75.9 85.95 q 93 85.95 99 78.15 q 105.15 70.15 105.15 47.15 q 105.15 41.4 104.3 29.6 q 103.45 17.75 103.45 15.8 q 103.45 10.6 105.65 -3 q 106.75 -9.8 107.85 -15.65 q 107.85 -25.6 99.45 -33 q 89.25 -42 69.15 -44.1 q 65.85 -58.85 63.45 -65.2 q 60.55 -72.9 56.2 -76.75 c
f #ff0 1 m 64.15 -62 q 57.4 -75.95 47 -82.05 q 28.8 -93.9 16.6 -90.25 q 13.8 -89.4 8.4 -86.35 q 4.1 -83.95 1.55 -83.95 q -2.4 -83.95 -10.85 -86.6 q -19.3 -89.3 -23.8 -89.3 q -41 -89.3 -49.5 -81.65 q -58.15 -73.9 -58.15 -57.85 l -57.6 -49.7 q -81.65 -45.65 -91.5 -39.05 q -101.05 -32.7 -101.05 -21.25 q -101.05 -20.25 -100.1 -13.9 q -99.15 -7.6 -99.15 -7.15 l -100 10.6 q -100.65 27.35 -101.15 61.15 q -101.15 70.1 -91.35 77.25 q -80.5 85.15 -64.05 85.15 q -61.15 85.15 -54.95 83.75 q -48.8 82.3 -47.45 82.3 q -42.75 83.75 -37.4 85.2 q -26.75 88.05 -21.55 88.05 q -12.7 88.05 -2.45 89.2 q 7.75 90.35 19.55 90.35 q 24.05 90.35 33 86.1 q 42 81.8 43.15 81.8 l 72.3 82.8 q 85.75 82.8 93.05 76 q 99.85 69.65 99.85 58.95 l 96.3 4.9 q 96.3 2.65 100.95 -5.15 q 105.6 -12.9 105.6 -17.45 q 105.6 -29.45 98.95 -35.6 q 89.95 -43.95 66.8 -44.95 q 68.5 -46.7 67.75 -51.5 q 66.95 -56.2 64.15 -62 c
f #ff0 1 m 41.55 -54.05 q 45 -63.4 45 -66.9 q 45 -80.35 32.1 -89.4 q 20.25 -97.7 3.75 -98.55 q -13.25 -99.5 -24.65 -91.85 q -37.55 -83.2 -37.55 -66.6 q -37.55 -61.8 -36.4 -58.9 q -34.1 -54.45 -31.95 -50.2 q -44.6 -40.8 -48.45 -29.85 q -50.45 -24.15 -50.1 -15.5 q -79.5 -15.75 -90.95 -9.9 q -101.3 -4.55 -101.3 8.55 q -101.3 12 -96.7 19.6 q -92.1 27.2 -92.1 27.55 q -92.1 34.65 -94.55 48.55 q -95.75 55.5 -97 61.8 q -97 77.7 -88.2 87.4 q -79.8 96.6 -67.05 96.6 q -63.05 96.1 -57.75 95.6 q -47.2 94.6 -40.45 94.6 q -28 94.6 -11.25 95.7 q 5.5 96.8 13.85 96.8 l 30.7 96.25 q 36.2 95.85 41.65 95.6 q 45.9 95.4 47.05 95.4 q 53.1 95.4 64.9 96.95 q 70.8 97.75 75.6 98.5 q 85.6 98.5 93.95 92.55 q 100.95 87.55 100.95 84.25 q 100.95 80.55 99.35 73.95 q 97.7 67.4 97.7 54.05 q 97.7 36.75 99.55 21.4 q 101.4 6.05 101.4 5.45 q 101.15 0 98.7 -5.25 q 93.9 -15.7 83.15 -15.7 q 79.5 -15.7 72.1 -15 q 64.65 -14.3 61.65 -14.3 q 61.25 -14.3 49.8 -27.6 q 38.05 -41.25 38.05 -43.05 q 38.05 -44.65 41.55 -54.05 c
f #ff0 1 m 42.95 -51.7 q 46 -58.55 46 -63.65 q 46 -79.35 32.55 -89.4 q 20.55 -98.4 2.95 -99.8 q -14.4 -101.2 -26.65 -94.45 q -40.1 -87.05 -40.1 -73.05 q -40.1 -64.05 -38.2 -58.4 q -37.75 -57.05 -35.45 -52.7 q -47.05 -40.7 -49.15 -37.7 q -53.55 -31.45 -53.55 -23.45 l -53.45 -19.5 q -53.65 -23 -61.5 -22.2 q -65.6 -21.8 -71.05 -20.65 q -80.6 -20.65 -88.6 -15.6 q -98.8 -9.15 -98.8 2.55 q -98.8 6.65 -95.05 13.7 q -91.35 20.75 -91.35 20.9 q -91.35 29.65 -94.3 48.5 q -95.75 57.95 -97.25 65.7 q -97.25 74.65 -91.7 83.8 q -85.7 93.75 -78.25 93.75 l -26.2 92.95 q -2.65 92.95 30.7 94.8 q 64.1 96.65 69.15 96.65 q 78.15 96.65 83.35 94.7 q 89.05 92.55 92.15 87.4 q 97.95 77.85 97.95 48.15 q 97.05 31.8 97.05 30.8 q 97.05 24.65 98.9 18.35 q 100.7 12 100.7 10 q 100.7 -0.65 91.75 -9.2 q 82.4 -18.15 69.4 -18.15 q 68.9 -18.15 64.55 -17.6 q 60.15 -17.1 59.65 -17.1 q 58.95 -17.1 57.75 -19.9 q 55.95 -24 53.65 -27.05 q 52.2 -29 39.9 -42.95 q 39.9 -44.85 42.95 -51.7 c
f #ff0 1 m 46.5 -53.25 q 48.65 -58.5 48.65 -65.25 q 48.65 -78.85 37.55 -89.2 q 25.9 -100.1 9 -100.1 q 2.25 -99.85 -0.1 -99.85 l -0.1 -99.45 q -15.5 -101 -27.5 -92.45 q -39.85 -83.65 -39.85 -69.95 q -39.85 -68.4 -37.15 -61.35 q -34.45 -54.35 -34.45 -52.45 q -34.45 -51.4 -37.5 -48.5 q -42.7 -43.65 -44.25 -42 q -54.05 -31.4 -54.05 -19.45 q -54.05 -17.65 -60.45 -17.65 q -77.45 -17.65 -86.5 -12.65 q -96.4 -7.25 -96.4 4 q -96.4 9.45 -92.9 19.65 q -89.4 29.9 -89.4 32 l -90.65 48.85 q -91.5 62.55 -91.5 64.95 q -91.5 75 -90.4 80.2 q -88.95 87 -84.95 90.9 q -76.35 99.3 -48.2 99.3 q -42.1 98.7 -33.35 98.05 q -15.75 96.8 8.8 96.8 q 28.05 96.7 40.65 97.9 q 60.3 99.8 62.6 100 q 70.25 100.7 73.4 100.7 q 87.55 100.7 94.3 94.25 q 100.25 88.6 100.25 78.3 q 100.25 75.85 100 73.95 q 97.35 55.75 96.4 47.8 q 95.35 38.85 95.35 34.3 q 95.35 30.45 97.7 19.75 q 100.05 9.1 100.05 7.6 q 100.05 -0.65 93.2 -8.95 q 84.95 -18.95 72.35 -18.95 q 61.35 -17.45 59.9 -17.1 q 57.8 -24.25 52.2 -32.2 q 46.45 -40.4 40.65 -44.1 q 44.7 -48.9 46.5 -53.25 c
f #ff0 1 m 22.8 -88 q 22.15 -94.5 20.8 -98.35 q 19.15 -103.15 15.95 -105.9 q 7.75 -112.7 -2.65 -111.15 q -12.15 -109.75 -16.05 -103.35 q -18.25 -99.7 -21.55 -88.2 q -25.5 -73.7 -27.6 -66.2 q -35.7 -37.7 -41.7 -37.7 q -42.7 -37.7 -50.5 -38.6 q -59.85 -38.6 -68.45 -33.6 q -80.5 -26.65 -80.5 -13.35 l -80.35 -10.15 q -101.65 -11.05 -111.8 -1.45 q -120.35 6.6 -120.35 21.3 q -120.35 24.55 -119.25 33.8 q -118.2 43.1 -118.2 44.35 q -118.2 46 -118.95 54.55 q -119.75 63.15 -119.75 64.3 q -119.75 91.85 -114.2 100.15 q -111.1 104.9 -105.15 106.85 q -99.7 108.65 -89.95 108.65 q -85.1 108.65 -72.2 107.35 q -59.35 106 -58.65 106 q -56.6 106 -40.3 107.2 q -24.05 108.35 -15.85 108.35 q 0.95 108.35 16.55 106.7 q 31.55 106.7 50.95 109.2 q 70.35 111.65 81.55 111.65 q 104.4 111.65 111.6 103.9 q 115.25 100 116.7 93.05 q 117.9 87.15 117.9 76.55 q 117.9 72 117 58.55 q 116.1 45.1 116.1 43.2 q 116.1 41.15 118.3 30.55 q 119.35 25.2 120.45 20.25 q 120.45 8.85 109.9 0.4 q 99.65 -7.8 86.6 -7.8 l 81.25 -7.4 q 81.45 -18.65 74.1 -25.85 q 65.1 -34.75 46.7 -34.75 q 44.45 -34.5 43.5 -34.7 q 41.85 -34.9 40.4 -36.85 q 36.9 -41.4 29.9 -62.4 q 23.1 -82.7 22.65 -84.75 q 22.25 -86.5 22.8 -88 c
f #ff0 1 m 23.55 -100.6 q 21.7 -104.9 16.55 -108.9 q 6.55 -117.95 -6.35 -112.85 q -11.5 -110.8 -15.4 -107 q -19.2 -103.3 -20.2 -99.7 q -22 -93.2 -24.65 -79.4 q -27.5 -64.55 -29.05 -58.55 q -34.9 -35.65 -45.45 -34.7 q -62.65 -33.15 -69 -30.55 q -83.2 -24.8 -81.45 -9.85 q -81.45 -10.1 -85.3 -10.4 q -88.6 -10.65 -89.9 -10.65 q -104.05 -10.65 -112.5 -2.8 q -120.6 4.7 -120.6 16.4 q -120.6 18.65 -119.2 30 q -117.8 41.3 -117.8 49 q -117.8 50.5 -118.8 65.7 q -119.85 80.95 -119.85 83.1 q -119.85 91.7 -111.3 99.55 q -101.4 108.65 -86.75 108.65 q -85.4 108.65 -70.7 106.85 q -56.05 105.05 -48.6 105.05 q -48.55 105.05 11.95 108.2 q 72.4 111.3 92.6 111.3 q 101.2 111.3 108.7 107.75 q 115.45 104.6 118 100.4 q 123.5 91.45 123.9 61.55 q 123.2 28.85 123.2 19.65 q 123.2 7.9 111.3 0.35 q 101.25 -6.05 90.05 -6.05 l 84.95 -5.85 q 86.15 -8.9 85.2 -14 q 84.15 -19.7 80.85 -24.7 q 72.1 -37.9 54.1 -37.9 q 52.7 -37.9 46.75 -36.7 q 40.55 -35.5 38.4 -34.7 q 29.6 -61.9 26.05 -89.05 q 24.95 -97.3 23.55 -100.6 c
f #ff0 1 m 18.45 -109.85 q 11.25 -116.45 0.5 -115.7 q -10 -115 -17.5 -108.05 q -25.7 -100.4 -25.7 -89.1 q -25.7 -86.2 -24.05 -81.4 q -22.45 -77.2 -22.45 -77.1 q -22.45 -74.1 -26.5 -68.4 q -30.85 -62.15 -31.55 -58.25 q -33.7 -45.85 -39.2 -42.25 q -41.1 -41 -45.05 -41 q -45.5 -41 -58.7 -42.3 q -67.35 -42.3 -73.9 -37.1 q -82.3 -30.45 -82.3 -17.7 q -81.95 -13.1 -81.95 -12.7 q -82.4 -12.6 -82.75 -12.5 q -82.95 -12.45 -83.55 -12.45 q -84.55 -12.45 -88.35 -13.5 q -92.65 -14 -94.05 -14 q -104.6 -14 -112.85 -7.1 q -122.05 0.6 -122.05 12.7 q -122.05 31.05 -122.35 45.45 q -122.65 59.9 -122.65 84.45 q -122.65 94.5 -114.05 101.25 q -104.15 109 -86.15 109 q -80.3 109 -72.7 107.65 q -65.15 106.3 -64.05 106.3 q -57.4 106.3 0.35 108.25 q 54.95 110.1 63.8 109.8 q 80.25 109.2 89.15 110.5 q 93.6 111.15 96.45 111.9 q 104.2 111.9 108.6 110.55 q 114 108.85 117.15 104.5 q 123.85 95.25 123.85 66.6 q 123.85 55.05 122.5 35.1 q 123.4 20.95 123.4 19.95 q 123.4 9.1 114.3 1.3 q 105.4 -6.35 93.75 -6.35 l 89.15 -6.1 q 85.75 -19.45 80.2 -24.7 q 71.75 -32.8 52.4 -32.8 q 48.9 -32.6 47.7 -32.65 q 45.85 -32.7 44.65 -33.9 q 42.65 -35.9 36.75 -50.45 q 32.95 -59.85 28.3 -65.6 q 24.65 -70.1 24.65 -70.3 q 24.65 -72.25 25.65 -79.6 q 26.65 -86.95 26.65 -88.15 q 26.65 -102.4 18.45 -109.85 c